Client ID,FL Round,Training Time,JSD,HDH Time,Communication Time,Total Time of FL Round,# of CPU,CPU Usage (%),RAM Usage (%),Model Type,Data Distr. Type,Dataset,Train Loss,Train Accuracy,Train F1,Train MAE,Val Loss,Val Accuracy,Val F1,Val MAE
Client 1,1,0.0,0.0,0.16,0.01,,2,102,14,prostate_logreg,non-IID,PROSTATE,,,,,,,,
Client 2,1,0.0,0.0,0.16,0.01,,2,101,14,prostate_logreg,non-IID,PROSTATE,,,,,,,,
Client 3,1,0.0,0.0,0.16,0.01,,2,101,14,prostate_logreg,non-IID,PROSTATE,,,,,,,,
Client 4,1,0.0,0.0,0.16,0.01,,2,100,14,prostate_logreg,non-IID,PROSTATE,,,,,,,,
Client 5,1,0.0,0.0,0.51,0.01,,2,100,14,prostate_logreg,non-IID,PROSTATE,,,,,,,,
Client 6,1,0.0,0.0,0.55,0.01,,2,100,14,prostate_logreg,non-IID,PROSTATE,,,,,,,,
Client 7,1,0.0,0.0,0.21,0.02,,2,99,14,prostate_logreg,non-IID,PROSTATE,,,,,,,,
Client 8,1,0.0,0.0,0.16,0.01,,2,101,14,prostate_logreg,non-IID,PROSTATE,,,,,,,,
Client 9,1,0.0,0.0,0.2,0.02,,2,100,14,prostate_logreg,non-IID,PROSTATE,,,,,,,,
Client 10,1,0.0,0.0,0.16,0.01,,2,101,14,prostate_logreg,non-IID,PROSTATE,,,,,,,,
Client 11,1,0.0,0.0,0.17,0.01,,2,101,14,prostate_logreg,non-IID,PROSTATE,,,,,,,,
Client 12,1,0.0,0.0,0.16,0.01,,2,101,14,prostate_logreg,non-IID,PROSTATE,,,,,,,,
Client 13,1,0.0,0.0,0.17,0.01,,2,100,14,prostate_logreg,non-IID,PROSTATE,,,,,,,,
Client 14,1,0.0,0.0,0.16,0.01,,2,100,14,prostate_logreg,non-IID,PROSTATE,,,,,,,,
Client 15,1,0.0,0.0,0.51,0.01,,2,101,14,prostate_logreg,non-IID,PROSTATE,,,,,,,,
Client 16,1,0.0,0.0,0.54,0.02,,2,101,14,prostate_logreg,non-IID,PROSTATE,,,,,,,,
Client 17,1,0.01,0.0,0.54,0.02,,2,101,14,prostate_logreg,non-IID,PROSTATE,,,,,,,,
Client 18,1,0.0,0.0,0.2,0.02,,2,101,14,prostate_logreg,non-IID,PROSTATE,,,,,,,,
Client 19,1,0.0,0.0,0.54,0.01,,2,101,14,prostate_logreg,non-IID,PROSTATE,,,,,,,,
Client 20,1,0.0,0.0,0.16,0.01,,2,101,14,prostate_logreg,non-IID,PROSTATE,,,,,,,,
Client 21,1,0.0,0.0,0.21,0.01,,2,101,14,prostate_logreg,non-IID,PROSTATE,,,,,,,,
Client 22,1,0.0,0.0,0.51,0.01,,2,99,14,prostate_logreg,non-IID,PROSTATE,,,,,,,,
Client 23,1,0.0,0.0,0.65,0.02,,2,100,14,prostate_logreg,non-IID,PROSTATE,,,,,,,,
Client 24,1,0.0,0.0,0.17,0.01,,2,100,14,prostate_logreg,non-IID,PROSTATE,,,,,,,,
Client 25,1,0.0,0.0,0.16,0.01,,2,103,14,prostate_logreg,non-IID,PROSTATE,,,,,,,,
Client 26,1,0.0,0.0,0.17,0.02,,2,101,14,prostate_logreg,non-IID,PROSTATE,,,,,,,,
Client 27,1,0.0,0.0,0.54,0.02,,2,100,14,prostate_logreg,non-IID,PROSTATE,,,,,,,,
Client 28,1,0.0,0.0,0.57,0.01,,2,102,14,prostate_logreg,non-IID,PROSTATE,,,,,,,,
Client 29,1,0.0,0.0,0.18,0.02,,2,102,14,prostate_logreg,non-IID,PROSTATE,,,,,,,,
Client 30,1,0.0,0.0,0.21,0.02,,2,101,14,prostate_logreg,non-IID,PROSTATE,,,,,,,,
Client 31,1,0.0,0.0,0.39,0.01,,1,52,14,prostate_logreg,non-IID,PROSTATE,,,,,,,,
Client 32,1,0.0,0.0,0.33,0.07,,1,52,14,prostate_logreg,non-IID,PROSTATE,,,,,,,,
Client 33,1,0.0,0.0,0.39,0.01,,1,53,14,prostate_logreg,non-IID,PROSTATE,,,,,,,,
Client 34,1,0.0,0.0,0.37,0.01,,1,51,14,prostate_logreg,non-IID,PROSTATE,,,,,,,,
Client 35,1,0.05,0.0,0.31,0.01,,1,51,14,prostate_logreg,non-IID,PROSTATE,,,,,,,,
Client 36,1,0.0,0.0,0.32,0.01,,1,52,14,prostate_logreg,non-IID,PROSTATE,,,,,,,,
Client 37,1,0.0,0.0,1.17,0.01,,1,51,14,prostate_logreg,non-IID,PROSTATE,,,,,,,,
Client 38,1,0.0,0.0,0.32,0.01,,1,52,14,prostate_logreg,non-IID,PROSTATE,,,,,,,,
Client 39,1,0.0,0.0,0.37,0.01,,1,52,14,prostate_logreg,non-IID,PROSTATE,,,,,,,,
Client 40,1,0.0,0.0,0.39,0.02,2.24,1,52,14,prostate_logreg,non-IID,PROSTATE,0.66,0.6473,0.6244,0.3527,0.66,0.6794,0.6318,0.3206
Client 1,2,0.0,0.0,0.0,0.01,,2,116,14,prostate_logreg,non-IID,PROSTATE,,,,,,,,
Client 2,2,0.0,0.0,0.0,0.02,,2,101,14,prostate_logreg,non-IID,PROSTATE,,,,,,,,
Client 3,2,0.0,0.0,0.0,0.01,,2,63,14,prostate_logreg,non-IID,PROSTATE,,,,,,,,
Client 4,2,0.0,0.0,0.0,0.01,,2,125,14,prostate_logreg,non-IID,PROSTATE,,,,,,,,
Client 5,2,0.0,0.0,0.0,0.01,,2,106,14,prostate_logreg,non-IID,PROSTATE,,,,,,,,
Client 6,2,0.0,0.0,0.0,0.01,,2,113,14,prostate_logreg,non-IID,PROSTATE,,,,,,,,
Client 7,2,0.0,0.0,0.0,0.01,,2,67,14,prostate_logreg,non-IID,PROSTATE,,,,,,,,
Client 8,2,0.0,0.0,0.0,0.01,,2,122,14,prostate_logreg,non-IID,PROSTATE,,,,,,,,
Client 9,2,0.0,0.0,0.0,0.03,,2,99,14,prostate_logreg,non-IID,PROSTATE,,,,,,,,
Client 10,2,0.0,0.0,0.0,0.02,,2,101,14,prostate_logreg,non-IID,PROSTATE,,,,,,,,
Client 11,2,0.0,0.0,0.0,0.01,,2,108,14,prostate_logreg,non-IID,PROSTATE,,,,,,,,
Client 12,2,0.0,0.0,0.0,0.01,,2,55,14,prostate_logreg,non-IID,PROSTATE,,,,,,,,
Client 13,2,0.0,0.0,0.0,0.01,,2,116,14,prostate_logreg,non-IID,PROSTATE,,,,,,,,
Client 14,2,0.0,0.0,0.0,0.01,,2,60,14,prostate_logreg,non-IID,PROSTATE,,,,,,,,
Client 15,2,0.0,0.0,0.0,0.01,,2,120,14,prostate_logreg,non-IID,PROSTATE,,,,,,,,
Client 16,2,0.0,0.0,0.0,0.02,,2,104,14,prostate_logreg,non-IID,PROSTATE,,,,,,,,
Client 17,2,0.0,0.0,0.0,0.02,,2,138,14,prostate_logreg,non-IID,PROSTATE,,,,,,,,
Client 18,2,0.0,0.0,0.0,0.01,,2,59,14,prostate_logreg,non-IID,PROSTATE,,,,,,,,
Client 19,2,0.0,0.0,0.0,0.01,,2,123,14,prostate_logreg,non-IID,PROSTATE,,,,,,,,
Client 20,2,0.0,0.0,0.0,0.01,,2,116,14,prostate_logreg,non-IID,PROSTATE,,,,,,,,
Client 21,2,0.0,0.0,0.0,0.02,,2,145,14,prostate_logreg,non-IID,PROSTATE,,,,,,,,
Client 22,2,0.0,0.0,0.0,0.02,,2,90,14,prostate_logreg,non-IID,PROSTATE,,,,,,,,
Client 23,2,0.0,0.0,0.0,0.02,,2,102,14,prostate_logreg,non-IID,PROSTATE,,,,,,,,
Client 24,2,0.0,0.0,0.0,0.01,,2,113,14,prostate_logreg,non-IID,PROSTATE,,,,,,,,
Client 25,2,0.0,0.0,0.0,0.02,,2,51,14,prostate_logreg,non-IID,PROSTATE,,,,,,,,
Client 26,2,0.0,0.0,0.0,0.03,,2,96,14,prostate_logreg,non-IID,PROSTATE,,,,,,,,
Client 27,2,0.0,0.0,0.0,0.01,,2,60,14,prostate_logreg,non-IID,PROSTATE,,,,,,,,
Client 28,2,0.0,0.0,0.0,0.01,,2,127,14,prostate_logreg,non-IID,PROSTATE,,,,,,,,
Client 29,2,0.0,0.0,0.0,0.01,,2,111,14,prostate_logreg,non-IID,PROSTATE,,,,,,,,
Client 30,2,0.0,0.0,0.0,0.01,,2,128,14,prostate_logreg,non-IID,PROSTATE,,,,,,,,
Client 31,2,0.0,0.0,0.0,0.01,,1,109,14,prostate_logreg,non-IID,PROSTATE,,,,,,,,
Client 32,2,0.0,0.0,0.0,0.02,,1,87,14,prostate_logreg,non-IID,PROSTATE,,,,,,,,
Client 33,2,0.0,0.0,0.0,0.02,,1,91,14,prostate_logreg,non-IID,PROSTATE,,,,,,,,
Client 34,2,0.0,0.0,0.0,0.02,,1,97,14,prostate_logreg,non-IID,PROSTATE,,,,,,,,
Client 35,2,0.0,0.0,0.0,0.01,,1,65,14,prostate_logreg,non-IID,PROSTATE,,,,,,,,
Client 36,2,0.0,0.0,0.0,0.01,,1,123,14,prostate_logreg,non-IID,PROSTATE,,,,,,,,
Client 37,2,0.0,0.0,0.0,0.01,,1,64,14,prostate_logreg,non-IID,PROSTATE,,,,,,,,
Client 38,2,0.0,0.0,0.0,0.01,,1,113,14,prostate_logreg,non-IID,PROSTATE,,,,,,,,
Client 39,2,0.0,0.0,0.0,0.01,,1,57,14,prostate_logreg,non-IID,PROSTATE,,,,,,,,
Client 40,2,0.0,0.0,0.0,0.02,0.17,1,102,14,prostate_logreg,non-IID,PROSTATE,0.63,0.6703,0.6437,0.3297,0.64,0.7158,0.6606,0.2842
Client 1,3,0.0,0.0,0.0,0.01,,2,63,14,prostate_logreg,non-IID,PROSTATE,,,,,,,,
Client 2,3,0.0,0.0,0.0,0.01,,2,122,14,prostate_logreg,non-IID,PROSTATE,,,,,,,,
Client 3,3,0.0,0.0,0.0,0.01,,2,68,14,prostate_logreg,non-IID,PROSTATE,,,,,,,,
Client 4,3,0.0,0.0,0.0,0.01,,2,141,14,prostate_logreg,non-IID,PROSTATE,,,,,,,,
Client 5,3,0.0,0.0,0.0,0.03,,2,95,14,prostate_logreg,non-IID,PROSTATE,,,,,,,,
Client 6,3,0.0,0.0,0.0,0.01,,2,118,14,prostate_logreg,non-IID,PROSTATE,,,,,,,,
Client 7,3,0.0,0.0,0.0,0.01,,2,64,14,prostate_logreg,non-IID,PROSTATE,,,,,,,,
Client 8,3,0.0,0.0,0.0,0.01,,2,113,14,prostate_logreg,non-IID,PROSTATE,,,,,,,,
Client 9,3,0.0,0.0,0.0,0.01,,2,64,14,prostate_logreg,non-IID,PROSTATE,,,,,,,,
Client 10,3,0.0,0.0,0.0,0.03,,2,95,14,prostate_logreg,non-IID,PROSTATE,,,,,,,,
Client 11,3,0.0,0.0,0.0,0.01,,2,120,14,prostate_logreg,non-IID,PROSTATE,,,,,,,,
Client 12,3,0.0,0.0,0.0,0.01,,2,124,14,prostate_logreg,non-IID,PROSTATE,,,,,,,,
Client 13,3,0.0,0.0,0.0,0.01,,2,124,14,prostate_logreg,non-IID,PROSTATE,,,,,,,,
Client 14,3,0.0,0.0,0.0,0.01,,2,64,14,prostate_logreg,non-IID,PROSTATE,,,,,,,,
Client 15,3,0.0,0.0,0.0,0.01,,2,136,14,prostate_logreg,non-IID,PROSTATE,,,,,,,,
Client 16,3,0.0,0.0,0.0,0.02,,2,108,14,prostate_logreg,non-IID,PROSTATE,,,,,,,,
Client 17,3,0.0,0.0,0.0,0.02,,2,98,14,prostate_logreg,non-IID,PROSTATE,,,,,,,,
Client 18,3,0.0,0.0,0.0,0.01,,2,64,14,prostate_logreg,non-IID,PROSTATE,,,,,,,,
Client 19,3,0.0,0.0,0.0,0.01,,2,130,14,prostate_logreg,non-IID,PROSTATE,,,,,,,,
Client 20,3,0.0,0.0,0.0,0.01,,2,125,14,prostate_logreg,non-IID,PROSTATE,,,,,,,,
Client 21,3,0.0,0.0,0.0,0.02,,2,101,14,prostate_logreg,non-IID,PROSTATE,,,,,,,,
Client 22,3,0.0,0.0,0.0,0.02,,2,108,14,prostate_logreg,non-IID,PROSTATE,,,,,,,,
Client 23,3,0.0,0.0,0.0,0.01,,2,115,14,prostate_logreg,non-IID,PROSTATE,,,,,,,,
Client 24,3,0.0,0.0,0.0,0.01,,2,120,14,prostate_logreg,non-IID,PROSTATE,,,,,,,,
Client 25,3,0.0,0.0,0.0,0.01,,2,119,14,prostate_logreg,non-IID,PROSTATE,,,,,,,,
Client 26,3,0.0,0.0,0.0,0.01,,2,64,14,prostate_logreg,non-IID,PROSTATE,,,,,,,,
Client 27,3,0.0,0.0,0.0,0.02,,2,104,14,prostate_logreg,non-IID,PROSTATE,,,,,,,,
Client 28,3,0.0,0.0,0.0,0.01,,2,137,14,prostate_logreg,non-IID,PROSTATE,,,,,,,,
Client 29,3,0.0,0.0,0.0,0.02,,2,96,14,prostate_logreg,non-IID,PROSTATE,,,,,,,,
Client 30,3,0.0,0.0,0.0,0.02,,2,109,14,prostate_logreg,non-IID,PROSTATE,,,,,,,,
Client 31,3,0.0,0.0,0.0,0.02,,1,103,14,prostate_logreg,non-IID,PROSTATE,,,,,,,,
Client 32,3,0.0,0.0,0.0,0.01,,1,62,14,prostate_logreg,non-IID,PROSTATE,,,,,,,,
Client 33,3,0.0,0.0,0.0,0.02,,1,105,14,prostate_logreg,non-IID,PROSTATE,,,,,,,,
Client 34,3,0.0,0.0,0.0,0.01,,1,107,14,prostate_logreg,non-IID,PROSTATE,,,,,,,,
Client 35,3,0.0,0.0,0.0,0.01,,1,60,14,prostate_logreg,non-IID,PROSTATE,,,,,,,,
Client 36,3,0.0,0.0,0.0,0.01,,1,129,14,prostate_logreg,non-IID,PROSTATE,,,,,,,,
Client 37,3,0.0,0.0,0.0,0.01,,1,66,14,prostate_logreg,non-IID,PROSTATE,,,,,,,,
Client 38,3,0.0,0.0,0.0,0.01,,1,123,14,prostate_logreg,non-IID,PROSTATE,,,,,,,,
Client 39,3,0.0,0.0,0.0,0.01,,1,68,14,prostate_logreg,non-IID,PROSTATE,,,,,,,,
Client 40,3,0.0,0.0,0.0,0.02,0.1,1,107,14,prostate_logreg,non-IID,PROSTATE,0.61,0.6839,0.6595,0.3161,0.62,0.7222,0.6673,0.2778
Client 1,4,0.0,0.0,0.0,0.01,,2,65,14,prostate_logreg,non-IID,PROSTATE,,,,,,,,
Client 2,4,0.0,0.0,0.0,0.01,,2,105,14,prostate_logreg,non-IID,PROSTATE,,,,,,,,
Client 3,4,0.0,0.0,0.0,0.01,,2,68,14,prostate_logreg,non-IID,PROSTATE,,,,,,,,
Client 4,4,0.0,0.0,0.0,0.01,,2,71,14,prostate_logreg,non-IID,PROSTATE,,,,,,,,
Client 5,4,0.0,0.0,0.0,0.01,,2,61,14,prostate_logreg,non-IID,PROSTATE,,,,,,,,
Client 6,4,0.0,0.0,0.0,0.01,,2,64,14,prostate_logreg,non-IID,PROSTATE,,,,,,,,
Client 7,4,0.0,0.0,0.0,0.02,,2,104,14,prostate_logreg,non-IID,PROSTATE,,,,,,,,
Client 8,4,0.0,0.0,0.0,0.01,,2,134,14,prostate_logreg,non-IID,PROSTATE,,,,,,,,
Client 9,4,0.0,0.0,0.0,0.01,,2,67,14,prostate_logreg,non-IID,PROSTATE,,,,,,,,
Client 10,4,0.0,0.0,0.0,0.01,,2,67,14,prostate_logreg,non-IID,PROSTATE,,,,,,,,
Client 11,4,0.0,0.0,0.0,0.01,,2,72,14,prostate_logreg,non-IID,PROSTATE,,,,,,,,
Client 12,4,0.0,0.0,0.0,0.01,,2,132,14,prostate_logreg,non-IID,PROSTATE,,,,,,,,
Client 13,4,0.0,0.0,0.0,0.02,,2,101,14,prostate_logreg,non-IID,PROSTATE,,,,,,,,
Client 14,4,0.0,0.0,0.0,0.01,,2,67,14,prostate_logreg,non-IID,PROSTATE,,,,,,,,
Client 15,4,0.0,0.0,0.0,0.01,,2,67,14,prostate_logreg,non-IID,PROSTATE,,,,,,,,
Client 16,4,0.0,0.0,0.0,0.02,,2,105,14,prostate_logreg,non-IID,PROSTATE,,,,,,,,
Client 17,4,0.0,0.0,0.0,0.02,,2,100,14,prostate_logreg,non-IID,PROSTATE,,,,,,,,
Client 18,4,0.0,0.0,0.0,0.02,,2,104,14,prostate_logreg,non-IID,PROSTATE,,,,,,,,
Client 19,4,0.0,0.0,0.0,0.01,,2,134,14,prostate_logreg,non-IID,PROSTATE,,,,,,,,
Client 20,4,0.0,0.0,0.0,0.01,,2,213,14,prostate_logreg,non-IID,PROSTATE,,,,,,,,
Client 21,4,0.0,0.0,0.0,0.02,,2,87,14,prostate_logreg,non-IID,PROSTATE,,,,,,,,
Client 22,4,0.0,0.0,0.0,0.02,,2,104,14,prostate_logreg,non-IID,PROSTATE,,,,,,,,
Client 23,4,0.0,0.0,0.0,0.01,,2,70,14,prostate_logreg,non-IID,PROSTATE,,,,,,,,
Client 24,4,0.0,0.0,0.0,0.01,,2,73,14,prostate_logreg,non-IID,PROSTATE,,,,,,,,
Client 25,4,0.0,0.0,0.0,0.01,,2,110,14,prostate_logreg,non-IID,PROSTATE,,,,,,,,
Client 26,4,0.0,0.0,0.0,0.01,,2,106,14,prostate_logreg,non-IID,PROSTATE,,,,,,,,
Client 27,4,0.0,0.0,0.0,0.03,,2,93,14,prostate_logreg,non-IID,PROSTATE,,,,,,,,
Client 28,4,0.0,0.0,0.0,0.01,,2,73,14,prostate_logreg,non-IID,PROSTATE,,,,,,,,
Client 29,4,0.0,0.0,0.0,0.03,,2,120,14,prostate_logreg,non-IID,PROSTATE,,,,,,,,
Client 30,4,0.0,0.0,0.0,0.02,,2,146,14,prostate_logreg,non-IID,PROSTATE,,,,,,,,
Client 31,4,0.0,0.0,0.0,0.02,,1,106,14,prostate_logreg,non-IID,PROSTATE,,,,,,,,
Client 32,4,0.0,0.0,0.0,0.01,,1,68,14,prostate_logreg,non-IID,PROSTATE,,,,,,,,
Client 33,4,0.0,0.0,0.0,0.02,,1,54,14,prostate_logreg,non-IID,PROSTATE,,,,,,,,
Client 34,4,0.0,0.0,0.0,0.01,,1,113,14,prostate_logreg,non-IID,PROSTATE,,,,,,,,
Client 35,4,0.0,0.0,0.0,0.01,,1,65,14,prostate_logreg,non-IID,PROSTATE,,,,,,,,
Client 36,4,0.0,0.0,0.0,0.01,,1,146,14,prostate_logreg,non-IID,PROSTATE,,,,,,,,
Client 37,4,0.0,0.0,0.0,0.01,,1,73,14,prostate_logreg,non-IID,PROSTATE,,,,,,,,
Client 38,4,0.0,0.0,0.0,0.01,,1,137,14,prostate_logreg,non-IID,PROSTATE,,,,,,,,
Client 39,4,0.0,0.0,0.0,0.01,,1,67,14,prostate_logreg,non-IID,PROSTATE,,,,,,,,
Client 40,4,0.0,0.0,0.0,0.02,0.12,1,99,14,prostate_logreg,non-IID,PROSTATE,0.59,0.7127,0.698,0.2873,0.61,0.7339,0.6918,0.2661
Client 1,5,0.0,0.0,0.0,0.01,,2,123,14,prostate_logreg,non-IID,PROSTATE,,,,,,,,
Client 2,5,0.0,0.0,0.0,0.02,,2,107,14,prostate_logreg,non-IID,PROSTATE,,,,,,,,
Client 3,5,0.0,0.0,0.0,0.01,,2,112,14,prostate_logreg,non-IID,PROSTATE,,,,,,,,
Client 4,5,0.0,0.0,0.0,0.02,,2,103,14,prostate_logreg,non-IID,PROSTATE,,,,,,,,
Client 5,5,0.0,0.0,0.0,0.01,,2,133,14,prostate_logreg,non-IID,PROSTATE,,,,,,,,
Client 6,5,0.0,0.0,0.0,0.01,,2,62,14,prostate_logreg,non-IID,PROSTATE,,,,,,,,
Client 7,5,0.0,0.0,0.0,0.02,,2,108,14,prostate_logreg,non-IID,PROSTATE,,,,,,,,
Client 8,5,0.0,0.0,0.0,0.01,,2,135,14,prostate_logreg,non-IID,PROSTATE,,,,,,,,
Client 9,5,0.0,0.0,0.0,0.01,,2,63,14,prostate_logreg,non-IID,PROSTATE,,,,,,,,
Client 10,5,0.0,0.0,0.0,0.02,,2,106,14,prostate_logreg,non-IID,PROSTATE,,,,,,,,
Client 11,5,0.0,0.0,0.0,0.01,,2,119,14,prostate_logreg,non-IID,PROSTATE,,,,,,,,
Client 12,5,0.0,0.0,0.0,0.02,,2,108,14,prostate_logreg,non-IID,PROSTATE,,,,,,,,
Client 13,5,0.0,0.0,0.0,0.02,,2,105,14,prostate_logreg,non-IID,PROSTATE,,,,,,,,
Client 14,5,0.0,0.0,0.0,0.01,,2,57,14,prostate_logreg,non-IID,PROSTATE,,,,,,,,
Client 15,5,0.0,0.0,0.0,0.01,,2,68,14,prostate_logreg,non-IID,PROSTATE,,,,,,,,
Client 16,5,0.0,0.0,0.0,0.01,,2,112,14,prostate_logreg,non-IID,PROSTATE,,,,,,,,
Client 17,5,0.0,0.0,0.0,0.02,,2,101,14,prostate_logreg,non-IID,PROSTATE,,,,,,,,
Client 18,5,0.0,0.0,0.0,0.02,,2,108,14,prostate_logreg,non-IID,PROSTATE,,,,,,,,
Client 19,5,0.0,0.0,0.0,0.01,,2,137,14,prostate_logreg,non-IID,PROSTATE,,,,,,,,
Client 20,5,0.0,0.0,0.0,0.01,,2,119,14,prostate_logreg,non-IID,PROSTATE,,,,,,,,
Client 21,5,0.0,0.0,0.0,0.01,,2,114,14,prostate_logreg,non-IID,PROSTATE,,,,,,,,
Client 22,5,0.0,0.0,0.0,0.01,,2,121,14,prostate_logreg,non-IID,PROSTATE,,,,,,,,
Client 23,5,0.0,0.0,0.0,0.01,,2,109,14,prostate_logreg,non-IID,PROSTATE,,,,,,,,
Client 24,5,0.0,0.0,0.0,0.01,,2,62,14,prostate_logreg,non-IID,PROSTATE,,,,,,,,
Client 25,5,0.0,0.0,0.0,0.01,,2,123,14,prostate_logreg,non-IID,PROSTATE,,,,,,,,
Client 26,5,0.0,0.0,0.0,0.01,,2,116,14,prostate_logreg,non-IID,PROSTATE,,,,,,,,
Client 27,5,0.0,0.0,0.0,0.02,,2,105,14,prostate_logreg,non-IID,PROSTATE,,,,,,,,
Client 28,5,0.0,0.0,0.0,0.01,,2,71,14,prostate_logreg,non-IID,PROSTATE,,,,,,,,
Client 29,5,0.0,0.0,0.0,0.02,,2,112,14,prostate_logreg,non-IID,PROSTATE,,,,,,,,
Client 30,5,0.0,0.0,0.0,0.02,,2,102,14,prostate_logreg,non-IID,PROSTATE,,,,,,,,
Client 31,5,0.0,0.0,0.0,0.02,,1,109,14,prostate_logreg,non-IID,PROSTATE,,,,,,,,
Client 32,5,0.0,0.0,0.0,0.01,,1,115,14,prostate_logreg,non-IID,PROSTATE,,,,,,,,
Client 33,5,0.0,0.0,0.0,0.02,,1,108,14,prostate_logreg,non-IID,PROSTATE,,,,,,,,
Client 34,5,0.0,0.0,0.0,0.02,,1,105,14,prostate_logreg,non-IID,PROSTATE,,,,,,,,
Client 35,5,0.0,0.0,0.0,0.01,,1,57,14,prostate_logreg,non-IID,PROSTATE,,,,,,,,
Client 36,5,0.0,0.0,0.0,0.01,,1,126,14,prostate_logreg,non-IID,PROSTATE,,,,,,,,
Client 37,5,0.0,0.0,0.0,0.01,,1,132,14,prostate_logreg,non-IID,PROSTATE,,,,,,,,
Client 38,5,0.0,0.0,0.0,0.01,,1,122,14,prostate_logreg,non-IID,PROSTATE,,,,,,,,
Client 39,5,0.0,0.0,0.0,0.01,,1,58,14,prostate_logreg,non-IID,PROSTATE,,,,,,,,
Client 40,5,0.0,0.0,0.0,0.01,0.11,1,111,14,prostate_logreg,non-IID,PROSTATE,0.58,0.752,0.7484,0.248,0.59,0.743,0.7164,0.257
Client 1,6,0.0,0.0,0.0,0.02,,2,135,14,prostate_logreg,non-IID,PROSTATE,,,,,,,,
Client 2,6,0.0,0.0,0.0,0.02,,2,96,14,prostate_logreg,non-IID,PROSTATE,,,,,,,,
Client 3,6,0.0,0.0,0.0,0.01,,2,59,14,prostate_logreg,non-IID,PROSTATE,,,,,,,,
Client 4,6,0.0,0.0,0.0,0.01,,2,133,14,prostate_logreg,non-IID,PROSTATE,,,,,,,,
Client 5,6,0.0,0.0,0.0,0.01,,2,69,14,prostate_logreg,non-IID,PROSTATE,,,,,,,,
Client 6,6,0.0,0.0,0.0,0.01,,2,67,14,prostate_logreg,non-IID,PROSTATE,,,,,,,,
Client 7,6,0.0,0.0,0.0,0.02,,2,105,14,prostate_logreg,non-IID,PROSTATE,,,,,,,,
Client 8,6,0.0,0.0,0.0,0.01,,2,132,14,prostate_logreg,non-IID,PROSTATE,,,,,,,,
Client 9,6,0.0,0.0,0.0,0.02,,2,89,14,prostate_logreg,non-IID,PROSTATE,,,,,,,,
Client 10,6,0.0,0.0,0.0,0.02,,2,108,14,prostate_logreg,non-IID,PROSTATE,,,,,,,,
Client 11,6,0.0,0.0,0.0,0.01,,2,120,14,prostate_logreg,non-IID,PROSTATE,,,,,,,,
Client 12,6,0.0,0.0,0.0,0.02,,2,117,14,prostate_logreg,non-IID,PROSTATE,,,,,,,,
Client 13,6,0.0,0.0,0.0,0.01,,2,115,14,prostate_logreg,non-IID,PROSTATE,,,,,,,,
Client 14,6,0.0,0.0,0.0,0.01,,2,59,14,prostate_logreg,non-IID,PROSTATE,,,,,,,,
Client 15,6,0.0,0.0,0.0,0.01,,2,70,14,prostate_logreg,non-IID,PROSTATE,,,,,,,,
Client 16,6,0.0,0.0,0.0,0.02,,2,105,14,prostate_logreg,non-IID,PROSTATE,,,,,,,,
Client 17,6,0.0,0.0,0.0,0.02,,2,101,14,prostate_logreg,non-IID,PROSTATE,,,,,,,,
Client 18,6,0.0,0.0,0.0,0.01,,2,108,14,prostate_logreg,non-IID,PROSTATE,,,,,,,,
Client 19,6,0.0,0.0,0.0,0.01,,2,124,14,prostate_logreg,non-IID,PROSTATE,,,,,,,,
Client 20,6,0.0,0.0,0.0,0.01,,2,126,14,prostate_logreg,non-IID,PROSTATE,,,,,,,,
Client 21,6,0.0,0.0,0.0,0.01,,2,105,14,prostate_logreg,non-IID,PROSTATE,,,,,,,,
Client 22,6,0.0,0.0,0.0,0.01,,2,119,14,prostate_logreg,non-IID,PROSTATE,,,,,,,,
Client 23,6,0.0,0.0,0.0,0.01,,2,114,14,prostate_logreg,non-IID,PROSTATE,,,,,,,,
Client 24,6,0.0,0.0,0.0,0.01,,2,73,14,prostate_logreg,non-IID,PROSTATE,,,,,,,,
Client 25,6,0.0,0.0,0.0,0.02,,2,98,14,prostate_logreg,non-IID,PROSTATE,,,,,,,,
Client 26,6,0.0,0.0,0.0,0.02,,2,115,14,prostate_logreg,non-IID,PROSTATE,,,,,,,,
Client 27,6,0.0,0.0,0.0,0.01,,2,53,14,prostate_logreg,non-IID,PROSTATE,,,,,,,,
Client 28,6,0.0,0.0,0.0,0.01,,2,70,14,prostate_logreg,non-IID,PROSTATE,,,,,,,,
Client 29,6,0.0,0.0,0.0,0.01,,2,113,14,prostate_logreg,non-IID,PROSTATE,,,,,,,,
Client 30,6,0.0,0.0,0.0,0.02,,2,147,14,prostate_logreg,non-IID,PROSTATE,,,,,,,,
Client 31,6,0.0,0.0,0.0,0.02,,1,97,14,prostate_logreg,non-IID,PROSTATE,,,,,,,,
Client 32,6,0.0,0.0,0.0,0.01,,1,61,14,prostate_logreg,non-IID,PROSTATE,,,,,,,,
Client 33,6,0.0,0.0,0.0,0.01,,1,113,14,prostate_logreg,non-IID,PROSTATE,,,,,,,,
Client 34,6,0.0,0.0,0.0,0.02,,1,100,14,prostate_logreg,non-IID,PROSTATE,,,,,,,,
Client 35,6,0.0,0.0,0.0,0.01,,1,109,14,prostate_logreg,non-IID,PROSTATE,,,,,,,,
Client 36,6,0.0,0.0,0.0,0.01,,1,130,14,prostate_logreg,non-IID,PROSTATE,,,,,,,,
Client 37,6,0.0,0.0,0.0,0.01,,1,133,14,prostate_logreg,non-IID,PROSTATE,,,,,,,,
Client 38,6,0.0,0.0,0.0,0.01,,1,121,14,prostate_logreg,non-IID,PROSTATE,,,,,,,,
Client 39,6,0.0,0.0,0.0,0.01,,1,62,14,prostate_logreg,non-IID,PROSTATE,,,,,,,,
Client 40,6,0.0,0.0,0.0,0.02,0.12,1,103,14,prostate_logreg,non-IID,PROSTATE,0.57,0.7712,0.7705,0.2288,0.58,0.7462,0.7281,0.2538
Client 1,7,0.0,0.0,0.0,0.01,,2,121,14,prostate_logreg,non-IID,PROSTATE,,,,,,,,
Client 2,7,0.0,0.0,0.0,0.02,,2,129,14,prostate_logreg,non-IID,PROSTATE,,,,,,,,
Client 3,7,0.0,0.0,0.0,0.01,,2,110,14,prostate_logreg,non-IID,PROSTATE,,,,,,,,
Client 4,7,0.0,0.0,0.0,0.03,,2,97,14,prostate_logreg,non-IID,PROSTATE,,,,,,,,
Client 5,7,0.0,0.0,0.0,0.01,,2,136,14,prostate_logreg,non-IID,PROSTATE,,,,,,,,
Client 6,7,0.0,0.0,0.0,0.01,,2,67,14,prostate_logreg,non-IID,PROSTATE,,,,,,,,
Client 7,7,0.0,0.0,0.0,0.03,,2,99,14,prostate_logreg,non-IID,PROSTATE,,,,,,,,
Client 8,7,0.0,0.0,0.0,0.01,,2,141,14,prostate_logreg,non-IID,PROSTATE,,,,,,,,
Client 9,7,0.0,0.0,0.0,0.03,,2,96,14,prostate_logreg,non-IID,PROSTATE,,,,,,,,
Client 10,7,0.0,0.0,0.0,0.01,,2,56,14,prostate_logreg,non-IID,PROSTATE,,,,,,,,
Client 11,7,0.0,0.0,0.0,0.01,,2,137,14,prostate_logreg,non-IID,PROSTATE,,,,,,,,
Client 12,7,0.0,0.0,0.0,0.01,,2,172,14,prostate_logreg,non-IID,PROSTATE,,,,,,,,
Client 13,7,0.0,0.0,0.0,0.01,,2,107,14,prostate_logreg,non-IID,PROSTATE,,,,,,,,
Client 14,7,0.0,0.0,0.0,0.01,,2,119,14,prostate_logreg,non-IID,PROSTATE,,,,,,,,
Client 15,7,0.0,0.0,0.0,0.01,,2,112,14,prostate_logreg,non-IID,PROSTATE,,,,,,,,
Client 16,7,0.0,0.0,0.0,0.02,,2,107,14,prostate_logreg,non-IID,PROSTATE,,,,,,,,
Client 17,7,0.0,0.0,0.0,0.02,,2,106,14,prostate_logreg,non-IID,PROSTATE,,,,,,,,
Client 18,7,0.0,0.0,0.0,0.02,,2,99,14,prostate_logreg,non-IID,PROSTATE,,,,,,,,
Client 19,7,0.0,0.0,0.0,0.01,,2,128,14,prostate_logreg,non-IID,PROSTATE,,,,,,,,
Client 20,7,0.0,0.0,0.0,0.01,,2,140,14,prostate_logreg,non-IID,PROSTATE,,,,,,,,
Client 21,7,0.0,0.0,0.0,0.01,,2,64,14,prostate_logreg,non-IID,PROSTATE,,,,,,,,
Client 22,7,0.0,0.0,0.0,0.02,,2,109,14,prostate_logreg,non-IID,PROSTATE,,,,,,,,
Client 23,7,0.0,0.0,0.0,0.02,,2,100,14,prostate_logreg,non-IID,PROSTATE,,,,,,,,
Client 24,7,0.0,0.0,0.0,0.01,,2,134,14,prostate_logreg,non-IID,PROSTATE,,,,,,,,
Client 25,7,0.0,0.0,0.0,0.01,,2,202,14,prostate_logreg,non-IID,PROSTATE,,,,,,,,
Client 26,7,0.0,0.0,0.0,0.01,,2,108,14,prostate_logreg,non-IID,PROSTATE,,,,,,,,
Client 27,7,0.0,0.0,0.0,0.01,,2,109,14,prostate_logreg,non-IID,PROSTATE,,,,,,,,
Client 28,7,0.0,0.0,0.0,0.01,,2,68,14,prostate_logreg,non-IID,PROSTATE,,,,,,,,
Client 29,7,0.0,0.0,0.0,0.01,,2,63,14,prostate_logreg,non-IID,PROSTATE,,,,,,,,
Client 30,7,0.0,0.0,0.0,0.03,,2,119,14,prostate_logreg,non-IID,PROSTATE,,,,,,,,
Client 31,7,0.0,0.0,0.0,0.03,,1,121,14,prostate_logreg,non-IID,PROSTATE,,,,,,,,
Client 32,7,0.0,0.0,0.0,0.01,,1,68,14,prostate_logreg,non-IID,PROSTATE,,,,,,,,
Client 33,7,0.0,0.0,0.0,0.03,,1,98,14,prostate_logreg,non-IID,PROSTATE,,,,,,,,
Client 34,7,0.0,0.0,0.0,0.02,,1,106,14,prostate_logreg,non-IID,PROSTATE,,,,,,,,
Client 35,7,0.0,0.0,0.0,0.02,,1,112,14,prostate_logreg,non-IID,PROSTATE,,,,,,,,
Client 36,7,0.0,0.0,0.0,0.01,,1,70,14,prostate_logreg,non-IID,PROSTATE,,,,,,,,
Client 37,7,0.0,0.0,0.0,0.01,,1,74,14,prostate_logreg,non-IID,PROSTATE,,,,,,,,
Client 38,7,0.0,0.0,0.0,0.01,,1,114,14,prostate_logreg,non-IID,PROSTATE,,,,,,,,
Client 39,7,0.0,0.0,0.0,0.01,,1,61,14,prostate_logreg,non-IID,PROSTATE,,,,,,,,
Client 40,7,0.0,0.0,0.0,0.02,0.11,1,53,14,prostate_logreg,non-IID,PROSTATE,0.56,0.7766,0.776,0.2234,0.58,0.7455,0.7319,0.2545
Client 1,8,0.0,0.0,0.0,0.01,,2,130,14,prostate_logreg,non-IID,PROSTATE,,,,,,,,
Client 2,8,0.0,0.0,0.0,0.01,,2,125,14,prostate_logreg,non-IID,PROSTATE,,,,,,,,
Client 3,8,0.0,0.0,0.0,0.01,,2,124,14,prostate_logreg,non-IID,PROSTATE,,,,,,,,
Client 4,8,0.0,0.0,0.0,0.01,,2,68,14,prostate_logreg,non-IID,PROSTATE,,,,,,,,
Client 5,8,0.0,0.0,0.0,0.01,,2,70,14,prostate_logreg,non-IID,PROSTATE,,,,,,,,
Client 6,8,0.0,0.0,0.0,0.01,,2,68,14,prostate_logreg,non-IID,PROSTATE,,,,,,,,
Client 7,8,0.0,0.0,0.0,0.03,,2,101,14,prostate_logreg,non-IID,PROSTATE,,,,,,,,
Client 8,8,0.0,0.0,0.0,0.01,,2,138,14,prostate_logreg,non-IID,PROSTATE,,,,,,,,
Client 9,8,0.0,0.0,0.0,0.02,,2,106,14,prostate_logreg,non-IID,PROSTATE,,,,,,,,
Client 10,8,0.0,0.0,0.0,0.01,,2,110,14,prostate_logreg,non-IID,PROSTATE,,,,,,,,
Client 11,8,0.0,0.0,0.0,0.01,,2,133,14,prostate_logreg,non-IID,PROSTATE,,,,,,,,
Client 12,8,0.0,0.0,0.0,0.01,,2,114,14,prostate_logreg,non-IID,PROSTATE,,,,,,,,
Client 13,8,0.0,0.0,0.0,0.01,,2,63,14,prostate_logreg,non-IID,PROSTATE,,,,,,,,
Client 14,8,0.0,0.0,0.0,0.01,,2,127,14,prostate_logreg,non-IID,PROSTATE,,,,,,,,
Client 15,8,0.0,0.0,0.0,0.01,,2,130,14,prostate_logreg,non-IID,PROSTATE,,,,,,,,
Client 16,8,0.0,0.0,0.0,0.01,,2,117,14,prostate_logreg,non-IID,PROSTATE,,,,,,,,
Client 17,8,0.0,0.0,0.0,0.01,,2,124,14,prostate_logreg,non-IID,PROSTATE,,,,,,,,
Client 18,8,0.0,0.0,0.0,0.01,,2,126,14,prostate_logreg,non-IID,PROSTATE,,,,,,,,
Client 19,8,0.0,0.0,0.0,0.01,,2,114,14,prostate_logreg,non-IID,PROSTATE,,,,,,,,
Client 20,8,0.0,0.0,0.0,0.01,,2,123,14,prostate_logreg,non-IID,PROSTATE,,,,,,,,
Client 21,8,0.0,0.0,0.0,0.01,,2,109,14,prostate_logreg,non-IID,PROSTATE,,,,,,,,
Client 22,8,0.0,0.0,0.0,0.01,,2,127,14,prostate_logreg,non-IID,PROSTATE,,,,,,,,
Client 23,8,0.0,0.0,0.0,0.02,,2,108,14,prostate_logreg,non-IID,PROSTATE,,,,,,,,
Client 24,8,0.0,0.0,0.0,0.01,,2,68,14,prostate_logreg,non-IID,PROSTATE,,,,,,,,
Client 25,8,0.0,0.0,0.0,0.01,,2,131,14,prostate_logreg,non-IID,PROSTATE,,,,,,,,
Client 26,8,0.0,0.0,0.0,0.02,,2,104,14,prostate_logreg,non-IID,PROSTATE,,,,,,,,
Client 27,8,0.0,0.0,0.0,0.01,,2,110,14,prostate_logreg,non-IID,PROSTATE,,,,,,,,
Client 28,8,0.0,0.0,0.0,0.01,,2,71,14,prostate_logreg,non-IID,PROSTATE,,,,,,,,
Client 29,8,0.0,0.0,0.0,0.01,,2,132,14,prostate_logreg,non-IID,PROSTATE,,,,,,,,
Client 30,8,0.0,0.0,0.0,0.01,,2,56,14,prostate_logreg,non-IID,PROSTATE,,,,,,,,
Client 31,8,0.0,0.0,0.0,0.02,,1,104,14,prostate_logreg,non-IID,PROSTATE,,,,,,,,
Client 32,8,0.0,0.0,0.0,0.01,,1,66,14,prostate_logreg,non-IID,PROSTATE,,,,,,,,
Client 33,8,0.0,0.0,0.0,0.03,,1,101,14,prostate_logreg,non-IID,PROSTATE,,,,,,,,
Client 34,8,0.0,0.0,0.0,0.01,,1,55,14,prostate_logreg,non-IID,PROSTATE,,,,,,,,
Client 35,8,0.0,0.0,0.0,0.01,,1,121,14,prostate_logreg,non-IID,PROSTATE,,,,,,,,
Client 36,8,0.0,0.0,0.0,0.01,,1,67,14,prostate_logreg,non-IID,PROSTATE,,,,,,,,
Client 37,8,0.0,0.0,0.0,0.01,,1,66,14,prostate_logreg,non-IID,PROSTATE,,,,,,,,
Client 38,8,0.0,0.0,0.0,0.01,,1,67,14,prostate_logreg,non-IID,PROSTATE,,,,,,,,
Client 39,8,0.0,0.0,0.0,0.01,,1,65,14,prostate_logreg,non-IID,PROSTATE,,,,,,,,
Client 40,8,0.0,0.0,0.0,0.02,0.11,1,104,14,prostate_logreg,non-IID,PROSTATE,0.55,0.7786,0.7779,0.2214,0.57,0.7457,0.7346,0.2543
Client 1,9,0.0,0.0,0.0,0.01,,2,117,14,prostate_logreg,non-IID,PROSTATE,,,,,,,,
Client 2,9,0.0,0.0,0.0,0.01,,2,55,14,prostate_logreg,non-IID,PROSTATE,,,,,,,,
Client 3,9,0.0,0.0,0.0,0.01,,2,111,14,prostate_logreg,non-IID,PROSTATE,,,,,,,,
Client 4,9,0.0,0.0,0.0,0.03,,2,96,14,prostate_logreg,non-IID,PROSTATE,,,,,,,,
Client 5,9,0.0,0.0,0.0,0.03,,2,97,14,prostate_logreg,non-IID,PROSTATE,,,,,,,,
Client 6,9,0.0,0.0,0.0,0.01,,2,131,14,prostate_logreg,non-IID,PROSTATE,,,,,,,,
Client 7,9,0.0,0.0,0.0,0.02,,2,84,14,prostate_logreg,non-IID,PROSTATE,,,,,,,,
Client 8,9,0.0,0.0,0.0,0.01,,2,136,14,prostate_logreg,non-IID,PROSTATE,,,,,,,,
Client 9,9,0.0,0.0,0.0,0.03,,2,94,14,prostate_logreg,non-IID,PROSTATE,,,,,,,,
Client 10,9,0.0,0.0,0.0,0.03,,2,103,14,prostate_logreg,non-IID,PROSTATE,,,,,,,,
Client 11,9,0.0,0.0,0.0,0.01,,2,139,14,prostate_logreg,non-IID,PROSTATE,,,,,,,,
Client 12,9,0.0,0.0,0.0,0.01,,2,55,14,prostate_logreg,non-IID,PROSTATE,,,,,,,,
Client 13,9,0.0,0.0,0.0,0.01,,2,120,14,prostate_logreg,non-IID,PROSTATE,,,,,,,,
Client 14,9,0.0,0.0,0.0,0.02,,2,101,14,prostate_logreg,non-IID,PROSTATE,,,,,,,,
Client 15,9,0.0,0.0,0.0,0.01,,2,121,14,prostate_logreg,non-IID,PROSTATE,,,,,,,,
Client 16,9,0.0,0.0,0.0,0.02,,2,109,14,prostate_logreg,non-IID,PROSTATE,,,,,,,,
Client 17,9,0.0,0.0,0.0,0.01,,2,127,14,prostate_logreg,non-IID,PROSTATE,,,,,,,,
Client 18,9,0.0,0.0,0.0,0.01,,2,108,14,prostate_logreg,non-IID,PROSTATE,,,,,,,,
Client 19,9,0.0,0.0,0.0,0.01,,2,127,14,prostate_logreg,non-IID,PROSTATE,,,,,,,,
Client 20,9,0.0,0.0,0.0,0.01,,2,126,14,prostate_logreg,non-IID,PROSTATE,,,,,,,,
Client 21,9,0.0,0.0,0.0,0.01,,2,131,14,prostate_logreg,non-IID,PROSTATE,,,,,,,,
Client 22,9,0.0,0.0,0.0,0.01,,2,58,14,prostate_logreg,non-IID,PROSTATE,,,,,,,,
Client 23,9,0.0,0.0,0.0,0.02,,2,55,14,prostate_logreg,non-IID,PROSTATE,,,,,,,,
Client 24,9,0.0,0.0,0.0,0.01,,2,144,14,prostate_logreg,non-IID,PROSTATE,,,,,,,,
Client 25,9,0.0,0.0,0.0,0.01,,2,66,14,prostate_logreg,non-IID,PROSTATE,,,,,,,,
Client 26,9,0.0,0.0,0.0,0.02,,2,104,14,prostate_logreg,non-IID,PROSTATE,,,,,,,,
Client 27,9,0.0,0.0,0.0,0.01,,2,54,14,prostate_logreg,non-IID,PROSTATE,,,,,,,,
Client 28,9,0.0,0.0,0.0,0.01,,2,70,14,prostate_logreg,non-IID,PROSTATE,,,,,,,,
Client 29,9,0.0,0.0,0.0,0.01,,2,97,14,prostate_logreg,non-IID,PROSTATE,,,,,,,,
Client 30,9,0.0,0.0,0.0,0.01,,2,109,14,prostate_logreg,non-IID,PROSTATE,,,,,,,,
Client 31,9,0.0,0.0,0.0,0.02,,1,102,14,prostate_logreg,non-IID,PROSTATE,,,,,,,,
Client 32,9,0.0,0.0,0.0,0.01,,1,129,14,prostate_logreg,non-IID,PROSTATE,,,,,,,,
Client 33,9,0.0,0.0,0.0,0.02,,1,84,14,prostate_logreg,non-IID,PROSTATE,,,,,,,,
Client 34,9,0.0,0.0,0.0,0.02,,1,106,14,prostate_logreg,non-IID,PROSTATE,,,,,,,,
Client 35,9,0.0,0.0,0.0,0.01,,1,117,14,prostate_logreg,non-IID,PROSTATE,,,,,,,,
Client 36,9,0.0,0.0,0.0,0.01,,1,66,14,prostate_logreg,non-IID,PROSTATE,,,,,,,,
Client 37,9,0.0,0.0,0.0,0.01,,1,67,14,prostate_logreg,non-IID,PROSTATE,,,,,,,,
Client 38,9,0.0,0.0,0.0,0.01,,1,116,14,prostate_logreg,non-IID,PROSTATE,,,,,,,,
Client 39,9,0.0,0.0,0.0,0.01,,1,64,14,prostate_logreg,non-IID,PROSTATE,,,,,,,,
Client 40,9,0.0,0.0,0.0,0.02,0.11,1,108,14,prostate_logreg,non-IID,PROSTATE,0.54,0.7788,0.778,0.2212,0.57,0.7457,0.7361,0.2543
