Client ID,FL Round,Training Time,JSD,HDH Time,Communication Time,Total Time of FL Round,# of CPU,CPU Usage (%),RAM Usage (%),Model Type,Data Distr. Type,Dataset,Train Loss,Train Accuracy,Train F1,Train MAE,Val Loss,Val Accuracy,Val F1,Val MAE
Client 1,1,0.0,0.0,0.0,0.02,,2,101,14,prostate_logreg,non-IID,PROSTATE,,,,,,,,
Client 2,1,0.0,0.12,0.0,0.01,,2,100,14,prostate_logreg,non-IID,PROSTATE,,,,,,,,
Client 3,1,0.0,0.0,0.0,0.4,,2,100,14,prostate_logreg,non-IID,PROSTATE,,,,,,,,
Client 4,1,0.0,0.0,0.0,0.33,,2,98,14,prostate_logreg,non-IID,PROSTATE,,,,,,,,
Client 5,1,0.0,0.0,0.0,0.02,,2,101,14,prostate_logreg,non-IID,PROSTATE,,,,,,,,
Client 6,1,0.0,0.0,0.0,0.01,,2,100,14,prostate_logreg,non-IID,PROSTATE,,,,,,,,
Client 7,1,0.0,0.0,0.0,0.36,,2,101,14,prostate_logreg,non-IID,PROSTATE,,,,,,,,
Client 8,1,0.0,0.02,0.0,0.01,,2,101,14,prostate_logreg,non-IID,PROSTATE,,,,,,,,
Client 9,1,0.0,0.0,0.0,0.01,,2,99,14,prostate_logreg,non-IID,PROSTATE,,,,,,,,
Client 10,1,0.0,0.0,0.0,0.01,,2,99,14,prostate_logreg,non-IID,PROSTATE,,,,,,,,
Client 11,1,0.0,0.02,0.0,0.37,,2,100,14,prostate_logreg,non-IID,PROSTATE,,,,,,,,
Client 12,1,0.0,0.02,0.0,0.01,,2,101,14,prostate_logreg,non-IID,PROSTATE,,,,,,,,
Client 13,1,0.0,0.0,0.0,0.01,,2,100,14,prostate_logreg,non-IID,PROSTATE,,,,,,,,
Client 14,1,0.0,0.0,0.0,0.01,,2,103,14,prostate_logreg,non-IID,PROSTATE,,,,,,,,
Client 15,1,0.0,0.04,0.0,0.01,,2,98,14,prostate_logreg,non-IID,PROSTATE,,,,,,,,
Client 16,1,0.0,0.04,0.0,0.02,,2,98,14,prostate_logreg,non-IID,PROSTATE,,,,,,,,
Client 17,1,0.0,0.0,0.0,0.02,,2,102,14,prostate_logreg,non-IID,PROSTATE,,,,,,,,
Client 18,1,0.0,0.02,0.0,0.37,,2,100,14,prostate_logreg,non-IID,PROSTATE,,,,,,,,
Client 19,1,0.0,0.0,0.0,0.01,,2,100,14,prostate_logreg,non-IID,PROSTATE,,,,,,,,
Client 20,1,0.0,0.02,0.0,0.01,,2,101,14,prostate_logreg,non-IID,PROSTATE,,,,,,,,
Client 21,1,0.0,0.02,0.0,0.01,,2,100,14,prostate_logreg,non-IID,PROSTATE,,,,,,,,
Client 22,1,0.0,0.0,0.0,0.33,,2,102,14,prostate_logreg,non-IID,PROSTATE,,,,,,,,
Client 23,1,0.0,0.0,0.0,0.01,,2,99,14,prostate_logreg,non-IID,PROSTATE,,,,,,,,
Client 24,1,0.0,0.04,0.0,0.01,,2,101,14,prostate_logreg,non-IID,PROSTATE,,,,,,,,
Client 25,1,0.0,0.05,0.0,0.33,1.39,2,100,14,prostate_logreg,non-IID,PROSTATE,0.64,0.6344,0.6053,0.3656,0.65,0.6195,0.593,0.3805
Client 1,2,0.0,0.0,0.0,0.01,,2,106,14,prostate_logreg,non-IID,PROSTATE,,,,,,,,
Client 2,2,0.0,0.12,0.0,0.01,,2,119,14,prostate_logreg,non-IID,PROSTATE,,,,,,,,
Client 3,2,0.0,0.0,0.0,0.01,,2,107,14,prostate_logreg,non-IID,PROSTATE,,,,,,,,
Client 4,2,0.0,0.0,0.0,0.01,,2,134,14,prostate_logreg,non-IID,PROSTATE,,,,,,,,
Client 5,2,0.0,0.0,0.0,0.02,,2,93,14,prostate_logreg,non-IID,PROSTATE,,,,,,,,
Client 6,2,0.0,0.0,0.0,0.01,,2,55,14,prostate_logreg,non-IID,PROSTATE,,,,,,,,
Client 7,2,0.0,0.0,0.0,0.01,,2,103,14,prostate_logreg,non-IID,PROSTATE,,,,,,,,
Client 8,2,0.0,0.02,0.0,0.01,,2,62,14,prostate_logreg,non-IID,PROSTATE,,,,,,,,
Client 9,2,0.0,0.0,0.0,0.01,,2,56,14,prostate_logreg,non-IID,PROSTATE,,,,,,,,
Client 10,2,0.0,0.0,0.0,0.02,,2,92,14,prostate_logreg,non-IID,PROSTATE,,,,,,,,
Client 11,2,0.0,0.02,0.0,0.01,,2,113,14,prostate_logreg,non-IID,PROSTATE,,,,,,,,
Client 12,2,0.0,0.02,0.0,0.02,,2,135,14,prostate_logreg,non-IID,PROSTATE,,,,,,,,
Client 13,2,0.0,0.0,0.0,0.01,,2,114,14,prostate_logreg,non-IID,PROSTATE,,,,,,,,
Client 14,2,0.0,0.0,0.0,0.01,,2,118,14,prostate_logreg,non-IID,PROSTATE,,,,,,,,
Client 15,2,0.0,0.04,0.0,0.01,,2,123,14,prostate_logreg,non-IID,PROSTATE,,,,,,,,
Client 16,2,0.0,0.04,0.0,0.01,,2,118,14,prostate_logreg,non-IID,PROSTATE,,,,,,,,
Client 17,2,0.0,0.0,0.0,0.01,,2,111,14,prostate_logreg,non-IID,PROSTATE,,,,,,,,
Client 18,2,0.0,0.02,0.0,0.01,,2,106,14,prostate_logreg,non-IID,PROSTATE,,,,,,,,
Client 19,2,0.0,0.0,0.0,0.01,,2,104,14,prostate_logreg,non-IID,PROSTATE,,,,,,,,
Client 20,2,0.0,0.02,0.0,0.01,,2,124,14,prostate_logreg,non-IID,PROSTATE,,,,,,,,
Client 21,2,0.0,0.02,0.0,0.01,,2,114,14,prostate_logreg,non-IID,PROSTATE,,,,,,,,
Client 22,2,0.0,0.0,0.0,0.01,,2,102,14,prostate_logreg,non-IID,PROSTATE,,,,,,,,
Client 23,2,0.0,0.0,0.0,0.01,,2,117,14,prostate_logreg,non-IID,PROSTATE,,,,,,,,
Client 24,2,0.0,0.04,0.0,0.01,,2,61,14,prostate_logreg,non-IID,PROSTATE,,,,,,,,
Client 25,2,0.0,0.05,0.0,0.01,,2,127,14,prostate_logreg,non-IID,PROSTATE,,,,,,,,
Client 26,2,0.01,0.02,0.0,0.74,,1,52,14,prostate_logreg,non-IID,PROSTATE,,,,,,,,
Client 27,2,0.0,0.04,0.0,0.02,,1,90,14,prostate_logreg,non-IID,PROSTATE,,,,,,,,
Client 28,2,0.0,0.04,0.0,0.01,,1,109,14,prostate_logreg,non-IID,PROSTATE,,,,,,,,
Client 29,2,0.0,0.0,0.0,0.01,,1,103,14,prostate_logreg,non-IID,PROSTATE,,,,,,,,
Client 30,2,0.01,0.0,0.0,0.82,,1,51,14,prostate_logreg,non-IID,PROSTATE,,,,,,,,
Client 31,2,0.0,0.0,0.0,0.72,,1,52,14,prostate_logreg,non-IID,PROSTATE,,,,,,,,
Client 32,2,0.01,0.0,0.0,0.02,,1,90,14,prostate_logreg,non-IID,PROSTATE,,,,,,,,
Client 33,2,0.0,0.0,0.0,0.01,,1,103,14,prostate_logreg,non-IID,PROSTATE,,,,,,,,
Client 34,2,0.0,0.0,0.0,0.02,,1,136,14,prostate_logreg,non-IID,PROSTATE,,,,,,,,
Client 35,2,0.0,0.0,0.0,0.01,,1,137,14,prostate_logreg,non-IID,PROSTATE,,,,,,,,
Client 36,2,0.0,0.02,0.0,0.01,,1,103,14,prostate_logreg,non-IID,PROSTATE,,,,,,,,
Client 37,2,0.0,0.02,0.0,0.02,,1,95,14,prostate_logreg,non-IID,PROSTATE,,,,,,,,
Client 38,2,0.0,0.02,0.0,0.01,,1,101,14,prostate_logreg,non-IID,PROSTATE,,,,,,,,
Client 39,2,0.0,0.12,0.0,0.71,,1,51,14,prostate_logreg,non-IID,PROSTATE,,,,,,,,
Client 40,2,0.0,0.04,0.0,0.02,0.83,1,91,14,prostate_logreg,non-IID,PROSTATE,0.62,0.6681,0.6399,0.3319,0.63,0.6463,0.6198,0.3537
Client 1,3,0.0,0.0,0.0,0.02,,2,105,14,prostate_logreg,non-IID,PROSTATE,,,,,,,,
Client 2,3,0.0,0.12,0.0,0.01,,2,129,14,prostate_logreg,non-IID,PROSTATE,,,,,,,,
Client 3,3,0.0,0.0,0.0,0.01,,2,105,14,prostate_logreg,non-IID,PROSTATE,,,,,,,,
Client 4,3,0.0,0.0,0.0,0.01,,2,137,14,prostate_logreg,non-IID,PROSTATE,,,,,,,,
Client 5,3,0.0,0.0,0.0,0.01,,2,61,14,prostate_logreg,non-IID,PROSTATE,,,,,,,,
Client 6,3,0.0,0.0,0.0,0.01,,2,60,14,prostate_logreg,non-IID,PROSTATE,,,,,,,,
Client 7,3,0.0,0.0,0.0,0.01,,2,122,14,prostate_logreg,non-IID,PROSTATE,,,,,,,,
Client 8,3,0.0,0.02,0.0,0.01,,2,123,14,prostate_logreg,non-IID,PROSTATE,,,,,,,,
Client 9,3,0.0,0.0,0.0,0.01,,2,132,14,prostate_logreg,non-IID,PROSTATE,,,,,,,,
Client 10,3,0.0,0.0,0.0,0.02,,2,108,14,prostate_logreg,non-IID,PROSTATE,,,,,,,,
Client 11,3,0.0,0.02,0.0,0.01,,2,120,14,prostate_logreg,non-IID,PROSTATE,,,,,,,,
Client 12,3,0.0,0.02,0.0,0.01,,2,62,14,prostate_logreg,non-IID,PROSTATE,,,,,,,,
Client 13,3,0.0,0.0,0.0,0.01,,2,120,14,prostate_logreg,non-IID,PROSTATE,,,,,,,,
Client 14,3,0.0,0.0,0.0,0.01,,2,67,14,prostate_logreg,non-IID,PROSTATE,,,,,,,,
Client 15,3,0.0,0.04,0.0,0.01,,2,65,14,prostate_logreg,non-IID,PROSTATE,,,,,,,,
Client 16,3,0.0,0.04,0.0,0.01,,2,112,14,prostate_logreg,non-IID,PROSTATE,,,,,,,,
Client 17,3,0.0,0.0,0.0,0.01,,2,112,14,prostate_logreg,non-IID,PROSTATE,,,,,,,,
Client 18,3,0.0,0.02,0.0,0.02,,2,99,14,prostate_logreg,non-IID,PROSTATE,,,,,,,,
Client 19,3,0.0,0.0,0.0,0.02,,2,103,14,prostate_logreg,non-IID,PROSTATE,,,,,,,,
Client 20,3,0.0,0.02,0.0,0.01,,2,54,14,prostate_logreg,non-IID,PROSTATE,,,,,,,,
Client 21,3,0.0,0.02,0.0,0.01,,2,132,14,prostate_logreg,non-IID,PROSTATE,,,,,,,,
Client 22,3,0.0,0.0,0.0,0.01,,2,64,14,prostate_logreg,non-IID,PROSTATE,,,,,,,,
Client 23,3,0.0,0.0,0.0,0.01,,2,131,14,prostate_logreg,non-IID,PROSTATE,,,,,,,,
Client 24,3,0.0,0.04,0.0,0.01,,2,63,14,prostate_logreg,non-IID,PROSTATE,,,,,,,,
Client 25,3,0.0,0.05,0.0,0.01,,2,60,14,prostate_logreg,non-IID,PROSTATE,,,,,,,,
Client 26,3,0.0,0.02,0.0,0.01,,1,110,14,prostate_logreg,non-IID,PROSTATE,,,,,,,,
Client 27,3,0.0,0.04,0.0,0.02,,1,104,14,prostate_logreg,non-IID,PROSTATE,,,,,,,,
Client 28,3,0.0,0.04,0.0,0.01,,1,130,14,prostate_logreg,non-IID,PROSTATE,,,,,,,,
Client 29,3,0.0,0.0,0.0,0.01,,1,122,14,prostate_logreg,non-IID,PROSTATE,,,,,,,,
Client 30,3,0.0,0.0,0.0,0.01,,1,64,14,prostate_logreg,non-IID,PROSTATE,,,,,,,,
Client 31,3,0.0,0.0,0.0,0.01,,1,120,14,prostate_logreg,non-IID,PROSTATE,,,,,,,,
Client 32,3,0.0,0.0,0.0,0.01,,1,123,14,prostate_logreg,non-IID,PROSTATE,,,,,,,,
Client 33,3,0.0,0.0,0.0,0.01,,1,127,14,prostate_logreg,non-IID,PROSTATE,,,,,,,,
Client 34,3,0.0,0.0,0.0,0.01,,1,108,14,prostate_logreg,non-IID,PROSTATE,,,,,,,,
Client 35,3,0.0,0.0,0.0,0.01,,1,59,14,prostate_logreg,non-IID,PROSTATE,,,,,,,,
Client 36,3,0.0,0.02,0.0,0.01,,1,66,14,prostate_logreg,non-IID,PROSTATE,,,,,,,,
Client 37,3,0.0,0.02,0.0,0.01,,1,62,14,prostate_logreg,non-IID,PROSTATE,,,,,,,,
Client 38,3,0.0,0.02,0.0,0.01,,1,119,14,prostate_logreg,non-IID,PROSTATE,,,,,,,,
Client 39,3,0.0,0.12,0.0,0.01,,1,61,14,prostate_logreg,non-IID,PROSTATE,,,,,,,,
Client 40,3,0.0,0.04,0.0,0.01,0.09,1,134,14,prostate_logreg,non-IID,PROSTATE,0.6,0.6953,0.6691,0.3047,0.61,0.6719,0.6485,0.3281
Client 1,4,0.0,0.0,0.0,0.02,,2,89,14,prostate_logreg,non-IID,PROSTATE,,,,,,,,
Client 2,4,0.0,0.12,0.0,0.01,,2,128,14,prostate_logreg,non-IID,PROSTATE,,,,,,,,
Client 3,4,0.0,0.0,0.0,0.02,,2,176,14,prostate_logreg,non-IID,PROSTATE,,,,,,,,
Client 4,4,0.0,0.0,0.0,0.01,,2,112,14,prostate_logreg,non-IID,PROSTATE,,,,,,,,
Client 5,4,0.0,0.0,0.0,0.01,,2,54,14,prostate_logreg,non-IID,PROSTATE,,,,,,,,
Client 6,4,0.0,0.0,0.0,0.02,,2,100,14,prostate_logreg,non-IID,PROSTATE,,,,,,,,
Client 7,4,0.0,0.0,0.0,0.01,,2,122,14,prostate_logreg,non-IID,PROSTATE,,,,,,,,
Client 8,4,0.0,0.02,0.0,0.02,,2,94,14,prostate_logreg,non-IID,PROSTATE,,,,,,,,
Client 9,4,0.0,0.0,0.0,0.01,,2,116,14,prostate_logreg,non-IID,PROSTATE,,,,,,,,
Client 10,4,0.0,0.0,0.0,0.01,,2,126,14,prostate_logreg,non-IID,PROSTATE,,,,,,,,
Client 11,4,0.0,0.02,0.0,0.01,,2,113,14,prostate_logreg,non-IID,PROSTATE,,,,,,,,
Client 12,4,0.0,0.02,0.0,0.01,,2,63,14,prostate_logreg,non-IID,PROSTATE,,,,,,,,
Client 13,4,0.0,0.0,0.0,0.01,,2,114,14,prostate_logreg,non-IID,PROSTATE,,,,,,,,
Client 14,4,0.0,0.0,0.0,0.01,,2,66,14,prostate_logreg,non-IID,PROSTATE,,,,,,,,
Client 15,4,0.0,0.04,0.0,0.01,,2,59,14,prostate_logreg,non-IID,PROSTATE,,,,,,,,
Client 16,4,0.0,0.04,0.0,0.02,,2,88,14,prostate_logreg,non-IID,PROSTATE,,,,,,,,
Client 17,4,0.0,0.0,0.0,0.01,,2,103,14,prostate_logreg,non-IID,PROSTATE,,,,,,,,
Client 18,4,0.0,0.02,0.0,0.02,,2,98,14,prostate_logreg,non-IID,PROSTATE,,,,,,,,
Client 19,4,0.0,0.0,0.0,0.01,,2,54,14,prostate_logreg,non-IID,PROSTATE,,,,,,,,
Client 20,4,0.0,0.02,0.0,0.01,,2,116,14,prostate_logreg,non-IID,PROSTATE,,,,,,,,
Client 21,4,0.0,0.02,0.0,0.01,,2,115,14,prostate_logreg,non-IID,PROSTATE,,,,,,,,
Client 22,4,0.0,0.0,0.0,0.01,,2,66,14,prostate_logreg,non-IID,PROSTATE,,,,,,,,
Client 23,4,0.0,0.0,0.0,0.01,,2,119,14,prostate_logreg,non-IID,PROSTATE,,,,,,,,
Client 24,4,0.0,0.04,0.0,0.02,,2,90,14,prostate_logreg,non-IID,PROSTATE,,,,,,,,
Client 25,4,0.0,0.05,0.0,0.01,,2,125,14,prostate_logreg,non-IID,PROSTATE,,,,,,,,
Client 26,4,0.0,0.02,0.0,0.01,,1,129,14,prostate_logreg,non-IID,PROSTATE,,,,,,,,
Client 27,4,0.0,0.04,0.0,0.02,,1,108,14,prostate_logreg,non-IID,PROSTATE,,,,,,,,
Client 28,4,0.0,0.04,0.0,0.01,,1,127,14,prostate_logreg,non-IID,PROSTATE,,,,,,,,
Client 29,4,0.0,0.0,0.0,0.02,,1,107,14,prostate_logreg,non-IID,PROSTATE,,,,,,,,
Client 30,4,0.0,0.0,0.0,0.01,,1,69,14,prostate_logreg,non-IID,PROSTATE,,,,,,,,
Client 31,4,0.0,0.0,0.0,0.01,,1,102,14,prostate_logreg,non-IID,PROSTATE,,,,,,,,
Client 32,4,0.0,0.0,0.0,0.01,,1,114,14,prostate_logreg,non-IID,PROSTATE,,,,,,,,
Client 33,4,0.0,0.0,0.0,0.01,,1,120,14,prostate_logreg,non-IID,PROSTATE,,,,,,,,
Client 34,4,0.0,0.0,0.0,0.01,,1,110,14,prostate_logreg,non-IID,PROSTATE,,,,,,,,
Client 35,4,0.0,0.0,0.0,0.01,,1,60,14,prostate_logreg,non-IID,PROSTATE,,,,,,,,
Client 36,4,0.0,0.02,0.0,0.01,,1,68,14,prostate_logreg,non-IID,PROSTATE,,,,,,,,
Client 37,4,0.0,0.02,0.0,0.01,,1,62,14,prostate_logreg,non-IID,PROSTATE,,,,,,,,
Client 38,4,0.0,0.02,0.0,0.01,,1,120,14,prostate_logreg,non-IID,PROSTATE,,,,,,,,
Client 39,4,0.0,0.12,0.0,0.01,,1,61,14,prostate_logreg,non-IID,PROSTATE,,,,,,,,
Client 40,4,0.0,0.04,0.0,0.01,0.09,1,129,14,prostate_logreg,non-IID,PROSTATE,0.58,0.7169,0.6936,0.2831,0.6,0.6972,0.6766,0.3028
Client 1,5,0.0,0.0,0.0,0.03,,2,94,14,prostate_logreg,non-IID,PROSTATE,,,,,,,,
Client 2,5,0.0,0.12,0.0,0.01,,2,68,14,prostate_logreg,non-IID,PROSTATE,,,,,,,,
Client 3,5,0.0,0.0,0.0,0.01,,2,110,14,prostate_logreg,non-IID,PROSTATE,,,,,,,,
Client 4,5,0.0,0.0,0.0,0.01,,2,139,14,prostate_logreg,non-IID,PROSTATE,,,,,,,,
Client 5,5,0.0,0.0,0.0,0.01,,2,66,14,prostate_logreg,non-IID,PROSTATE,,,,,,,,
Client 6,5,0.0,0.0,0.0,0.01,,2,127,14,prostate_logreg,non-IID,PROSTATE,,,,,,,,
Client 7,5,0.0,0.0,0.0,0.01,,2,142,14,prostate_logreg,non-IID,PROSTATE,,,,,,,,
Client 8,5,0.0,0.02,0.0,0.01,,2,126,14,prostate_logreg,non-IID,PROSTATE,,,,,,,,
Client 9,5,0.0,0.0,0.0,0.01,,2,67,14,prostate_logreg,non-IID,PROSTATE,,,,,,,,
Client 10,5,0.0,0.0,0.0,0.01,,2,115,14,prostate_logreg,non-IID,PROSTATE,,,,,,,,
Client 11,5,0.0,0.02,0.0,0.01,,2,61,14,prostate_logreg,non-IID,PROSTATE,,,,,,,,
Client 12,5,0.0,0.02,0.0,0.01,,2,137,14,prostate_logreg,non-IID,PROSTATE,,,,,,,,
Client 13,5,0.0,0.0,0.0,0.01,,2,137,14,prostate_logreg,non-IID,PROSTATE,,,,,,,,
Client 14,5,0.0,0.0,0.0,0.03,,2,93,14,prostate_logreg,non-IID,PROSTATE,,,,,,,,
Client 15,5,0.0,0.04,0.0,0.01,,2,68,14,prostate_logreg,non-IID,PROSTATE,,,,,,,,
Client 16,5,0.0,0.04,0.0,0.01,,2,119,14,prostate_logreg,non-IID,PROSTATE,,,,,,,,
Client 17,5,0.0,0.0,0.0,0.01,,2,62,14,prostate_logreg,non-IID,PROSTATE,,,,,,,,
Client 18,5,0.0,0.02,0.0,0.01,,2,109,14,prostate_logreg,non-IID,PROSTATE,,,,,,,,
Client 19,5,0.0,0.0,0.0,0.01,,2,62,14,prostate_logreg,non-IID,PROSTATE,,,,,,,,
Client 20,5,0.0,0.02,0.0,0.01,,2,107,14,prostate_logreg,non-IID,PROSTATE,,,,,,,,
Client 21,5,0.0,0.02,0.0,0.01,,2,137,14,prostate_logreg,non-IID,PROSTATE,,,,,,,,
Client 22,5,0.0,0.0,0.0,0.01,,2,67,14,prostate_logreg,non-IID,PROSTATE,,,,,,,,
Client 23,5,0.0,0.0,0.0,0.01,,2,126,14,prostate_logreg,non-IID,PROSTATE,,,,,,,,
Client 24,5,0.0,0.04,0.0,0.02,,2,96,14,prostate_logreg,non-IID,PROSTATE,,,,,,,,
Client 25,5,0.0,0.05,0.0,0.02,0.09,2,92,14,prostate_logreg,non-IID,PROSTATE,0.57,0.7297,0.7103,0.2703,0.58,0.7148,0.6956,0.2852
Client 1,6,0.0,0.0,0.0,0.02,,2,106,14,prostate_logreg,non-IID,PROSTATE,,,,,,,,
Client 2,6,0.0,0.12,0.0,0.01,,2,67,14,prostate_logreg,non-IID,PROSTATE,,,,,,,,
Client 3,6,0.0,0.0,0.0,0.01,,2,121,14,prostate_logreg,non-IID,PROSTATE,,,,,,,,
Client 4,6,0.0,0.0,0.0,0.01,,2,114,14,prostate_logreg,non-IID,PROSTATE,,,,,,,,
Client 5,6,0.0,0.0,0.0,0.02,,2,143,14,prostate_logreg,non-IID,PROSTATE,,,,,,,,
Client 6,6,0.0,0.0,0.0,0.01,,2,135,14,prostate_logreg,non-IID,PROSTATE,,,,,,,,
Client 7,6,0.0,0.0,0.0,0.01,,2,64,14,prostate_logreg,non-IID,PROSTATE,,,,,,,,
Client 8,6,0.0,0.02,0.0,0.01,,2,131,14,prostate_logreg,non-IID,PROSTATE,,,,,,,,
Client 9,6,0.0,0.0,0.0,0.01,,2,59,14,prostate_logreg,non-IID,PROSTATE,,,,,,,,
Client 10,6,0.0,0.0,0.0,0.01,,2,130,14,prostate_logreg,non-IID,PROSTATE,,,,,,,,
Client 11,6,0.0,0.02,0.0,0.01,,2,115,14,prostate_logreg,non-IID,PROSTATE,,,,,,,,
Client 12,6,0.0,0.02,0.0,0.01,,2,111,14,prostate_logreg,non-IID,PROSTATE,,,,,,,,
Client 13,6,0.0,0.0,0.0,0.01,,2,124,14,prostate_logreg,non-IID,PROSTATE,,,,,,,,
Client 14,6,0.0,0.0,0.0,0.01,,2,55,14,prostate_logreg,non-IID,PROSTATE,,,,,,,,
Client 15,6,0.0,0.04,0.0,0.01,,2,59,14,prostate_logreg,non-IID,PROSTATE,,,,,,,,
Client 16,6,0.0,0.04,0.0,0.01,,2,62,14,prostate_logreg,non-IID,PROSTATE,,,,,,,,
Client 17,6,0.0,0.0,0.0,0.01,,2,112,14,prostate_logreg,non-IID,PROSTATE,,,,,,,,
Client 18,6,0.0,0.02,0.0,0.01,,2,57,14,prostate_logreg,non-IID,PROSTATE,,,,,,,,
Client 19,6,0.0,0.0,0.0,0.01,,2,108,14,prostate_logreg,non-IID,PROSTATE,,,,,,,,
Client 20,6,0.0,0.02,0.0,0.01,,2,118,14,prostate_logreg,non-IID,PROSTATE,,,,,,,,
Client 21,6,0.0,0.02,0.0,0.01,,2,111,14,prostate_logreg,non-IID,PROSTATE,,,,,,,,
Client 22,6,0.0,0.0,0.0,0.01,,2,59,14,prostate_logreg,non-IID,PROSTATE,,,,,,,,
Client 23,6,0.0,0.0,0.0,0.01,,2,125,14,prostate_logreg,non-IID,PROSTATE,,,,,,,,
Client 24,6,0.0,0.04,0.0,0.02,,2,89,14,prostate_logreg,non-IID,PROSTATE,,,,,,,,
Client 25,6,0.0,0.05,0.0,0.02,0.08,2,87,14,prostate_logreg,non-IID,PROSTATE,0.56,0.743,0.7237,0.257,0.57,0.7243,0.7061,0.2757
Client 1,7,0.0,0.0,0.0,0.01,,2,118,14,prostate_logreg,non-IID,PROSTATE,,,,,,,,
Client 2,7,0.0,0.12,0.0,0.01,,2,64,14,prostate_logreg,non-IID,PROSTATE,,,,,,,,
Client 3,7,0.0,0.0,0.0,0.02,,2,102,14,prostate_logreg,non-IID,PROSTATE,,,,,,,,
Client 4,7,0.0,0.0,0.0,0.01,,2,119,14,prostate_logreg,non-IID,PROSTATE,,,,,,,,
Client 5,7,0.0,0.0,0.0,0.01,,2,123,14,prostate_logreg,non-IID,PROSTATE,,,,,,,,
Client 6,7,0.0,0.0,0.0,0.02,,2,72,14,prostate_logreg,non-IID,PROSTATE,,,,,,,,
Client 7,7,0.0,0.0,0.0,0.01,,2,64,14,prostate_logreg,non-IID,PROSTATE,,,,,,,,
Client 8,7,0.0,0.02,0.0,0.01,,2,66,14,prostate_logreg,non-IID,PROSTATE,,,,,,,,
Client 9,7,0.0,0.0,0.0,0.01,,2,62,14,prostate_logreg,non-IID,PROSTATE,,,,,,,,
Client 10,7,0.0,0.0,0.0,0.01,,2,129,14,prostate_logreg,non-IID,PROSTATE,,,,,,,,
Client 11,7,0.0,0.02,0.0,0.01,,2,65,14,prostate_logreg,non-IID,PROSTATE,,,,,,,,
Client 12,7,0.0,0.02,0.0,0.01,,2,127,14,prostate_logreg,non-IID,PROSTATE,,,,,,,,
Client 13,7,0.0,0.0,0.0,0.01,,2,61,14,prostate_logreg,non-IID,PROSTATE,,,,,,,,
Client 14,7,0.0,0.0,0.0,0.01,,2,108,14,prostate_logreg,non-IID,PROSTATE,,,,,,,,
Client 15,7,0.0,0.04,0.0,0.01,,2,70,14,prostate_logreg,non-IID,PROSTATE,,,,,,,,
Client 16,7,0.0,0.04,0.0,0.02,,2,89,14,prostate_logreg,non-IID,PROSTATE,,,,,,,,
Client 17,7,0.0,0.0,0.0,0.01,,2,111,14,prostate_logreg,non-IID,PROSTATE,,,,,,,,
Client 18,7,0.0,0.02,0.0,0.02,,2,75,14,prostate_logreg,non-IID,PROSTATE,,,,,,,,
Client 19,7,0.0,0.0,0.0,0.01,,2,65,14,prostate_logreg,non-IID,PROSTATE,,,,,,,,
Client 20,7,0.0,0.02,0.0,0.01,,2,61,14,prostate_logreg,non-IID,PROSTATE,,,,,,,,
Client 21,7,0.0,0.02,0.0,0.01,,2,130,14,prostate_logreg,non-IID,PROSTATE,,,,,,,,
Client 22,7,0.0,0.0,0.0,0.01,,2,67,14,prostate_logreg,non-IID,PROSTATE,,,,,,,,
Client 23,7,0.0,0.0,0.0,0.01,,2,128,14,prostate_logreg,non-IID,PROSTATE,,,,,,,,
Client 24,7,0.0,0.04,0.0,0.01,,2,116,14,prostate_logreg,non-IID,PROSTATE,,,,,,,,
Client 25,7,0.0,0.05,0.0,0.01,0.10,2,65,14,prostate_logreg,non-IID,PROSTATE,0.55,0.7484,0.7296,0.2516,0.57,0.7356,0.7177,0.2644
Client 1,8,0.0,0.0,0.0,0.01,,2,108,14,prostate_logreg,non-IID,PROSTATE,,,,,,,,
Client 2,8,0.0,0.12,0.0,0.01,,2,62,14,prostate_logreg,non-IID,PROSTATE,,,,,,,,
Client 3,8,0.0,0.0,0.0,0.01,,2,66,14,prostate_logreg,non-IID,PROSTATE,,,,,,,,
Client 4,8,0.0,0.0,0.0,0.01,,2,115,14,prostate_logreg,non-IID,PROSTATE,,,,,,,,
Client 5,8,0.0,0.0,0.0,0.01,,2,116,14,prostate_logreg,non-IID,PROSTATE,,,,,,,,
Client 6,8,0.0,0.0,0.0,0.01,,2,66,14,prostate_logreg,non-IID,PROSTATE,,,,,,,,
Client 7,8,0.0,0.0,0.0,0.01,,2,121,14,prostate_logreg,non-IID,PROSTATE,,,,,,,,
Client 8,8,0.0,0.02,0.0,0.01,,2,112,14,prostate_logreg,non-IID,PROSTATE,,,,,,,,
Client 9,8,0.0,0.0,0.0,0.01,,2,132,14,prostate_logreg,non-IID,PROSTATE,,,,,,,,
Client 10,8,0.0,0.0,0.0,0.01,,2,127,14,prostate_logreg,non-IID,PROSTATE,,,,,,,,
Client 11,8,0.0,0.02,0.0,0.01,,2,60,14,prostate_logreg,non-IID,PROSTATE,,,,,,,,
Client 12,8,0.0,0.02,0.0,0.03,,2,97,14,prostate_logreg,non-IID,PROSTATE,,,,,,,,
Client 13,8,0.0,0.0,0.0,0.01,,2,63,14,prostate_logreg,non-IID,PROSTATE,,,,,,,,
Client 14,8,0.0,0.0,0.0,0.01,,2,118,14,prostate_logreg,non-IID,PROSTATE,,,,,,,,
Client 15,8,0.0,0.04,0.0,0.01,,2,124,14,prostate_logreg,non-IID,PROSTATE,,,,,,,,
Client 16,8,0.0,0.04,0.0,0.01,,2,55,14,prostate_logreg,non-IID,PROSTATE,,,,,,,,
Client 17,8,0.0,0.0,0.0,0.01,,2,62,14,prostate_logreg,non-IID,PROSTATE,,,,,,,,
Client 18,8,0.0,0.02,0.0,0.02,,2,98,14,prostate_logreg,non-IID,PROSTATE,,,,,,,,
Client 19,8,0.0,0.0,0.0,0.01,,2,114,14,prostate_logreg,non-IID,PROSTATE,,,,,,,,
Client 20,8,0.0,0.02,0.0,0.02,,2,104,14,prostate_logreg,non-IID,PROSTATE,,,,,,,,
Client 21,8,0.0,0.02,0.0,0.01,,2,132,14,prostate_logreg,non-IID,PROSTATE,,,,,,,,
Client 22,8,0.0,0.0,0.0,0.01,,2,54,14,prostate_logreg,non-IID,PROSTATE,,,,,,,,
Client 23,8,0.0,0.0,0.0,0.01,,2,66,14,prostate_logreg,non-IID,PROSTATE,,,,,,,,
Client 24,8,0.0,0.04,0.0,0.01,,2,133,14,prostate_logreg,non-IID,PROSTATE,,,,,,,,
Client 25,8,0.0,0.05,0.0,0.01,,2,118,14,prostate_logreg,non-IID,PROSTATE,,,,,,,,
Client 26,8,0.0,0.02,0.0,0.02,,1,93,14,prostate_logreg,non-IID,PROSTATE,,,,,,,,
Client 27,8,0.0,0.04,0.0,0.02,,1,102,14,prostate_logreg,non-IID,PROSTATE,,,,,,,,
Client 28,8,0.0,0.04,0.0,0.01,,1,123,14,prostate_logreg,non-IID,PROSTATE,,,,,,,,
Client 29,8,0.0,0.0,0.0,0.02,,1,106,14,prostate_logreg,non-IID,PROSTATE,,,,,,,,
Client 30,8,0.0,0.0,0.0,0.01,,1,126,14,prostate_logreg,non-IID,PROSTATE,,,,,,,,
Client 31,8,0.0,0.0,0.0,0.01,,1,114,14,prostate_logreg,non-IID,PROSTATE,,,,,,,,
Client 32,8,0.0,0.0,0.0,0.03,,1,128,14,prostate_logreg,non-IID,PROSTATE,,,,,,,,
Client 33,8,0.0,0.0,0.0,0.01,,1,121,14,prostate_logreg,non-IID,PROSTATE,,,,,,,,
Client 34,8,0.0,0.0,0.0,0.02,,1,91,14,prostate_logreg,non-IID,PROSTATE,,,,,,,,
Client 35,8,0.0,0.0,0.0,0.01,,1,116,14,prostate_logreg,non-IID,PROSTATE,,,,,,,,
Client 36,8,0.0,0.02,0.0,0.01,,1,127,14,prostate_logreg,non-IID,PROSTATE,,,,,,,,
Client 37,8,0.0,0.02,0.0,0.02,,1,103,14,prostate_logreg,non-IID,PROSTATE,,,,,,,,
Client 38,8,0.0,0.02,0.0,0.02,,1,101,14,prostate_logreg,non-IID,PROSTATE,,,,,,,,
Client 39,8,0.0,0.12,0.0,0.01,,1,114,14,prostate_logreg,non-IID,PROSTATE,,,,,,,,
Client 40,8,0.0,0.04,0.0,0.01,0.09,1,116,14,prostate_logreg,non-IID,PROSTATE,0.54,0.7562,0.7359,0.2438,0.56,0.7409,0.7231,0.2591
Client 1,9,0.0,0.0,0.0,0.02,,2,107,14,prostate_logreg,non-IID,PROSTATE,,,,,,,,
Client 2,9,0.0,0.12,0.0,0.01,,2,67,14,prostate_logreg,non-IID,PROSTATE,,,,,,,,
Client 3,9,0.0,0.0,0.0,0.01,,2,67,14,prostate_logreg,non-IID,PROSTATE,,,,,,,,
Client 4,9,0.0,0.0,0.0,0.02,,2,103,14,prostate_logreg,non-IID,PROSTATE,,,,,,,,
Client 5,9,0.0,0.0,0.0,0.01,,2,116,14,prostate_logreg,non-IID,PROSTATE,,,,,,,,
Client 6,9,0.0,0.0,0.0,0.01,,2,67,14,prostate_logreg,non-IID,PROSTATE,,,,,,,,
Client 7,9,0.0,0.0,0.0,0.02,,2,114,14,prostate_logreg,non-IID,PROSTATE,,,,,,,,
Client 8,9,0.0,0.02,0.0,0.01,,2,119,14,prostate_logreg,non-IID,PROSTATE,,,,,,,,
Client 9,9,0.0,0.0,0.0,0.01,,2,70,14,prostate_logreg,non-IID,PROSTATE,,,,,,,,
Client 10,9,0.0,0.0,0.0,0.02,,2,76,14,prostate_logreg,non-IID,PROSTATE,,,,,,,,
Client 11,9,0.0,0.02,0.0,0.01,,2,64,14,prostate_logreg,non-IID,PROSTATE,,,,,,,,
Client 12,9,0.0,0.02,0.0,0.01,,2,133,14,prostate_logreg,non-IID,PROSTATE,,,,,,,,
Client 13,9,0.0,0.0,0.0,0.01,,2,124,14,prostate_logreg,non-IID,PROSTATE,,,,,,,,
Client 14,9,0.0,0.0,0.0,0.02,,2,102,14,prostate_logreg,non-IID,PROSTATE,,,,,,,,
Client 15,9,0.0,0.04,0.0,0.01,,2,123,14,prostate_logreg,non-IID,PROSTATE,,,,,,,,
Client 16,9,0.0,0.04,0.0,0.01,,2,112,14,prostate_logreg,non-IID,PROSTATE,,,,,,,,
Client 17,9,0.0,0.0,0.0,0.01,,2,61,14,prostate_logreg,non-IID,PROSTATE,,,,,,,,
Client 18,9,0.0,0.02,0.0,0.02,,2,98,14,prostate_logreg,non-IID,PROSTATE,,,,,,,,
Client 19,9,0.0,0.0,0.0,0.01,,2,122,14,prostate_logreg,non-IID,PROSTATE,,,,,,,,
Client 20,9,0.0,0.02,0.0,0.01,,2,109,14,prostate_logreg,non-IID,PROSTATE,,,,,,,,
Client 21,9,0.0,0.02,0.0,0.01,,2,142,14,prostate_logreg,non-IID,PROSTATE,,,,,,,,
Client 22,9,0.0,0.0,0.0,0.01,,2,66,14,prostate_logreg,non-IID,PROSTATE,,,,,,,,
Client 23,9,0.0,0.0,0.0,0.01,,2,115,14,prostate_logreg,non-IID,PROSTATE,,,,,,,,
Client 24,9,0.0,0.04,0.0,0.01,,2,67,14,prostate_logreg,non-IID,PROSTATE,,,,,,,,
Client 25,9,0.0,0.05,0.0,0.01,0.03,2,65,14,prostate_logreg,non-IID,PROSTATE,0.54,0.7559,0.7377,0.2441,0.55,0.7419,0.7238,0.2581
Client 1,10,0.0,0.0,0.0,0.02,,2,104,14,prostate_logreg,non-IID,PROSTATE,,,,,,,,
Client 2,10,0.0,0.12,0.0,0.01,,2,61,14,prostate_logreg,non-IID,PROSTATE,,,,,,,,
Client 3,10,0.0,0.0,0.0,0.01,,2,67,14,prostate_logreg,non-IID,PROSTATE,,,,,,,,
Client 4,10,0.0,0.0,0.0,0.01,,2,111,14,prostate_logreg,non-IID,PROSTATE,,,,,,,,
Client 5,10,0.0,0.0,0.0,0.02,,2,140,14,prostate_logreg,non-IID,PROSTATE,,,,,,,,
Client 6,10,0.0,0.0,0.0,0.01,,2,107,14,prostate_logreg,non-IID,PROSTATE,,,,,,,,
Client 7,10,0.0,0.0,0.0,0.01,,2,113,14,prostate_logreg,non-IID,PROSTATE,,,,,,,,
Client 8,10,0.0,0.02,0.0,0.01,,2,120,14,prostate_logreg,non-IID,PROSTATE,,,,,,,,
Client 9,10,0.0,0.0,0.0,0.01,,2,118,14,prostate_logreg,non-IID,PROSTATE,,,,,,,,
Client 10,10,0.0,0.0,0.0,0.01,,2,62,14,prostate_logreg,non-IID,PROSTATE,,,,,,,,
Client 11,10,0.0,0.02,0.0,0.02,,2,109,14,prostate_logreg,non-IID,PROSTATE,,,,,,,,
Client 12,10,0.0,0.02,0.0,0.01,,2,122,14,prostate_logreg,non-IID,PROSTATE,,,,,,,,
Client 13,10,0.0,0.0,0.0,0.01,,2,114,14,prostate_logreg,non-IID,PROSTATE,,,,,,,,
Client 14,10,0.0,0.0,0.0,0.01,,2,60,14,prostate_logreg,non-IID,PROSTATE,,,,,,,,
Client 15,10,0.0,0.04,0.0,0.01,,2,129,14,prostate_logreg,non-IID,PROSTATE,,,,,,,,
Client 16,10,0.0,0.04,0.0,0.01,,2,108,14,prostate_logreg,non-IID,PROSTATE,,,,,,,,
Client 17,10,0.0,0.0,0.0,0.01,,2,60,14,prostate_logreg,non-IID,PROSTATE,,,,,,,,
Client 18,10,0.0,0.02,0.0,0.01,,2,69,14,prostate_logreg,non-IID,PROSTATE,,,,,,,,
Client 19,10,0.0,0.0,0.0,0.01,,2,126,14,prostate_logreg,non-IID,PROSTATE,,,,,,,,
Client 20,10,0.0,0.02,0.0,0.02,,2,105,14,prostate_logreg,non-IID,PROSTATE,,,,,,,,
Client 21,10,0.0,0.02,0.0,0.01,,2,132,14,prostate_logreg,non-IID,PROSTATE,,,,,,,,
Client 22,10,0.0,0.0,0.0,0.01,,2,61,14,prostate_logreg,non-IID,PROSTATE,,,,,,,,
Client 23,10,0.0,0.0,0.0,0.01,,2,76,14,prostate_logreg,non-IID,PROSTATE,,,,,,,,
Client 24,10,0.0,0.04,0.0,0.02,,2,103,14,prostate_logreg,non-IID,PROSTATE,,,,,,,,
Client 25,10,0.0,0.05,0.0,0.02,,2,96,14,prostate_logreg,non-IID,PROSTATE,,,,,,,,
Client 26,10,0.0,0.02,0.0,0.01,,1,68,14,prostate_logreg,non-IID,PROSTATE,,,,,,,,
Client 27,10,0.0,0.04,0.0,0.01,,1,110,14,prostate_logreg,non-IID,PROSTATE,,,,,,,,
Client 28,10,0.0,0.04,0.0,0.02,,1,117,14,prostate_logreg,non-IID,PROSTATE,,,,,,,,
Client 29,10,0.0,0.0,0.0,0.01,,1,121,14,prostate_logreg,non-IID,PROSTATE,,,,,,,,
Client 30,10,0.0,0.0,0.0,0.01,,1,190,14,prostate_logreg,non-IID,PROSTATE,,,,,,,,
Client 31,10,0.0,0.0,0.0,0.01,,1,69,14,prostate_logreg,non-IID,PROSTATE,,,,,,,,
Client 32,10,0.0,0.0,0.0,0.02,,1,103,14,prostate_logreg,non-IID,PROSTATE,,,,,,,,
Client 33,10,0.0,0.0,0.0,0.01,,1,61,14,prostate_logreg,non-IID,PROSTATE,,,,,,,,
Client 34,10,0.0,0.0,0.0,0.01,,1,107,14,prostate_logreg,non-IID,PROSTATE,,,,,,,,
Client 35,10,0.0,0.0,0.0,0.01,,1,118,14,prostate_logreg,non-IID,PROSTATE,,,,,,,,
Client 36,10,0.0,0.02,0.0,0.01,,1,133,14,prostate_logreg,non-IID,PROSTATE,,,,,,,,
Client 37,10,0.0,0.02,0.0,0.01,,1,110,14,prostate_logreg,non-IID,PROSTATE,,,,,,,,
Client 38,10,0.0,0.02,0.0,0.01,,1,114,14,prostate_logreg,non-IID,PROSTATE,,,,,,,,
Client 39,10,0.0,0.12,0.0,0.01,,1,119,14,prostate_logreg,non-IID,PROSTATE,,,,,,,,
Client 40,10,0.0,0.04,0.0,0.01,0.15,1,62,14,prostate_logreg,non-IID,PROSTATE,0.53,0.7627,0.7422,0.2373,0.55,0.7425,0.7233,0.2575
Client 1,11,0.0,0.0,0.0,0.02,,2,102,14,prostate_logreg,non-IID,PROSTATE,,,,,,,,
Client 2,11,0.0,0.12,0.0,0.01,,2,128,14,prostate_logreg,non-IID,PROSTATE,,,,,,,,
Client 3,11,0.0,0.0,0.0,0.02,,2,98,14,prostate_logreg,non-IID,PROSTATE,,,,,,,,
Client 4,11,0.0,0.0,0.0,0.01,,2,112,14,prostate_logreg,non-IID,PROSTATE,,,,,,,,
Client 5,11,0.0,0.0,0.0,0.01,,2,115,14,prostate_logreg,non-IID,PROSTATE,,,,,,,,
Client 6,11,0.0,0.0,0.0,0.02,,2,111,14,prostate_logreg,non-IID,PROSTATE,,,,,,,,
Client 7,11,0.0,0.0,0.0,0.01,,2,121,14,prostate_logreg,non-IID,PROSTATE,,,,,,,,
Client 8,11,0.0,0.02,0.0,0.02,,2,102,14,prostate_logreg,non-IID,PROSTATE,,,,,,,,
Client 9,11,0.0,0.0,0.0,0.01,,2,131,14,prostate_logreg,non-IID,PROSTATE,,,,,,,,
Client 10,11,0.0,0.0,0.0,0.01,,2,71,14,prostate_logreg,non-IID,PROSTATE,,,,,,,,
Client 11,11,0.0,0.02,0.0,0.01,,2,120,14,prostate_logreg,non-IID,PROSTATE,,,,,,,,
Client 12,11,0.0,0.02,0.0,0.02,,2,102,14,prostate_logreg,non-IID,PROSTATE,,,,,,,,
Client 13,11,0.0,0.0,0.0,0.01,,2,132,14,prostate_logreg,non-IID,PROSTATE,,,,,,,,
Client 14,11,0.0,0.0,0.0,0.01,,2,113,14,prostate_logreg,non-IID,PROSTATE,,,,,,,,
Client 15,11,0.0,0.04,0.0,0.02,,2,120,14,prostate_logreg,non-IID,PROSTATE,,,,,,,,
Client 16,11,0.0,0.04,0.0,0.02,,2,107,14,prostate_logreg,non-IID,PROSTATE,,,,,,,,
Client 17,11,0.0,0.0,0.0,0.02,,2,97,14,prostate_logreg,non-IID,PROSTATE,,,,,,,,
Client 18,11,0.0,0.02,0.0,0.02,,2,112,14,prostate_logreg,non-IID,PROSTATE,,,,,,,,
Client 19,11,0.0,0.0,0.0,0.01,,2,62,14,prostate_logreg,non-IID,PROSTATE,,,,,,,,
Client 20,11,0.0,0.02,0.0,0.01,,2,54,14,prostate_logreg,non-IID,PROSTATE,,,,,,,,
Client 21,11,0.0,0.02,0.0,0.01,,2,111,14,prostate_logreg,non-IID,PROSTATE,,,,,,,,
Client 22,11,0.0,0.0,0.0,0.01,,2,121,14,prostate_logreg,non-IID,PROSTATE,,,,,,,,
Client 23,11,0.0,0.0,0.0,0.01,,2,62,14,prostate_logreg,non-IID,PROSTATE,,,,,,,,
Client 24,11,0.0,0.04,0.0,0.02,,2,108,14,prostate_logreg,non-IID,PROSTATE,,,,,,,,
Client 25,11,0.0,0.05,0.0,0.01,,2,56,14,prostate_logreg,non-IID,PROSTATE,,,,,,,,
Client 26,11,0.0,0.02,0.0,0.01,,1,122,14,prostate_logreg,non-IID,PROSTATE,,,,,,,,
Client 27,11,0.0,0.04,0.0,0.01,,1,56,14,prostate_logreg,non-IID,PROSTATE,,,,,,,,
Client 28,11,0.0,0.04,0.0,0.01,,1,142,14,prostate_logreg,non-IID,PROSTATE,,,,,,,,
Client 29,11,0.0,0.0,0.0,0.01,,1,113,14,prostate_logreg,non-IID,PROSTATE,,,,,,,,
Client 30,11,0.0,0.0,0.0,0.01,,1,122,14,prostate_logreg,non-IID,PROSTATE,,,,,,,,
Client 31,11,0.0,0.0,0.0,0.02,,1,75,14,prostate_logreg,non-IID,PROSTATE,,,,,,,,
Client 32,11,0.0,0.0,0.0,0.03,,1,101,14,prostate_logreg,non-IID,PROSTATE,,,,,,,,
Client 33,11,0.0,0.0,0.0,0.01,,1,58,14,prostate_logreg,non-IID,PROSTATE,,,,,,,,
Client 34,11,0.0,0.0,0.0,0.01,,1,52,14,prostate_logreg,non-IID,PROSTATE,,,,,,,,
Client 35,11,0.0,0.0,0.0,0.01,,1,67,14,prostate_logreg,non-IID,PROSTATE,,,,,,,,
Client 36,11,0.0,0.02,0.0,0.01,,1,127,14,prostate_logreg,non-IID,PROSTATE,,,,,,,,
Client 37,11,0.0,0.02,0.0,0.01,,1,63,14,prostate_logreg,non-IID,PROSTATE,,,,,,,,
Client 38,11,0.0,0.02,0.0,0.01,,1,105,14,prostate_logreg,non-IID,PROSTATE,,,,,,,,
Client 39,11,0.0,0.12,0.0,0.01,,1,125,14,prostate_logreg,non-IID,PROSTATE,,,,,,,,
Client 40,11,0.0,0.04,0.0,0.01,0.09,1,57,14,prostate_logreg,non-IID,PROSTATE,0.52,0.7653,0.7448,0.2347,0.54,0.7436,0.7238,0.2564
Client 1,12,0.0,0.0,0.0,0.01,,2,58,14,prostate_logreg,non-IID,PROSTATE,,,,,,,,
Client 2,12,0.0,0.12,0.0,0.01,,2,56,14,prostate_logreg,non-IID,PROSTATE,,,,,,,,
Client 3,12,0.0,0.0,0.0,0.01,,2,110,14,prostate_logreg,non-IID,PROSTATE,,,,,,,,
Client 4,12,0.0,0.0,0.0,0.02,,2,118,14,prostate_logreg,non-IID,PROSTATE,,,,,,,,
Client 5,12,0.0,0.0,0.0,0.01,,2,54,14,prostate_logreg,non-IID,PROSTATE,,,,,,,,
Client 6,12,0.0,0.0,0.0,0.01,,2,65,14,prostate_logreg,non-IID,PROSTATE,,,,,,,,
Client 7,12,0.0,0.0,0.0,0.01,,2,123,14,prostate_logreg,non-IID,PROSTATE,,,,,,,,
Client 8,12,0.0,0.02,0.0,0.01,,2,112,14,prostate_logreg,non-IID,PROSTATE,,,,,,,,
Client 9,12,0.0,0.0,0.0,0.01,,2,137,14,prostate_logreg,non-IID,PROSTATE,,,,,,,,
Client 10,12,0.0,0.0,0.0,0.01,,2,67,14,prostate_logreg,non-IID,PROSTATE,,,,,,,,
Client 11,12,0.0,0.02,0.0,0.01,,2,172,14,prostate_logreg,non-IID,PROSTATE,,,,,,,,
Client 12,12,0.0,0.02,0.0,0.02,,2,107,14,prostate_logreg,non-IID,PROSTATE,,,,,,,,
Client 13,12,0.0,0.0,0.0,0.02,,2,100,14,prostate_logreg,non-IID,PROSTATE,,,,,,,,
Client 14,12,0.0,0.0,0.0,0.01,,2,110,14,prostate_logreg,non-IID,PROSTATE,,,,,,,,
Client 15,12,0.0,0.04,0.0,0.01,,2,119,14,prostate_logreg,non-IID,PROSTATE,,,,,,,,
Client 16,12,0.0,0.04,0.0,0.02,,2,116,14,prostate_logreg,non-IID,PROSTATE,,,,,,,,
Client 17,12,0.0,0.0,0.0,0.01,,2,54,14,prostate_logreg,non-IID,PROSTATE,,,,,,,,
Client 18,12,0.0,0.02,0.0,0.02,,2,111,14,prostate_logreg,non-IID,PROSTATE,,,,,,,,
Client 19,12,0.0,0.0,0.0,0.02,,2,84,14,prostate_logreg,non-IID,PROSTATE,,,,,,,,
Client 20,12,0.0,0.02,0.0,0.01,,2,127,14,prostate_logreg,non-IID,PROSTATE,,,,,,,,
Client 21,12,0.0,0.02,0.0,0.01,,2,135,14,prostate_logreg,non-IID,PROSTATE,,,,,,,,
Client 22,12,0.0,0.0,0.0,0.01,,2,128,14,prostate_logreg,non-IID,PROSTATE,,,,,,,,
Client 23,12,0.0,0.0,0.0,0.01,,2,119,14,prostate_logreg,non-IID,PROSTATE,,,,,,,,
Client 24,12,0.0,0.04,0.0,0.01,,2,119,14,prostate_logreg,non-IID,PROSTATE,,,,,,,,
Client 25,12,0.0,0.05,0.0,0.01,,2,57,14,prostate_logreg,non-IID,PROSTATE,,,,,,,,
Client 26,12,0.0,0.02,0.0,0.02,,1,108,14,prostate_logreg,non-IID,PROSTATE,,,,,,,,
Client 27,12,0.0,0.04,0.0,0.01,,1,118,14,prostate_logreg,non-IID,PROSTATE,,,,,,,,
Client 28,12,0.0,0.04,0.0,0.01,,1,122,14,prostate_logreg,non-IID,PROSTATE,,,,,,,,
Client 29,12,0.0,0.0,0.0,0.02,,1,128,14,prostate_logreg,non-IID,PROSTATE,,,,,,,,
Client 30,12,0.0,0.0,0.0,0.01,,1,133,14,prostate_logreg,non-IID,PROSTATE,,,,,,,,
Client 31,12,0.0,0.0,0.0,0.01,,1,116,14,prostate_logreg,non-IID,PROSTATE,,,,,,,,
Client 32,12,0.0,0.0,0.0,0.02,,1,103,14,prostate_logreg,non-IID,PROSTATE,,,,,,,,
Client 33,12,0.0,0.0,0.0,0.01,,1,56,14,prostate_logreg,non-IID,PROSTATE,,,,,,,,
Client 34,12,0.0,0.0,0.0,0.01,,1,116,14,prostate_logreg,non-IID,PROSTATE,,,,,,,,
Client 35,12,0.0,0.0,0.0,0.01,,1,64,14,prostate_logreg,non-IID,PROSTATE,,,,,,,,
Client 36,12,0.0,0.02,0.0,0.01,,1,129,14,prostate_logreg,non-IID,PROSTATE,,,,,,,,
Client 37,12,0.0,0.02,0.0,0.01,,1,66,14,prostate_logreg,non-IID,PROSTATE,,,,,,,,
Client 38,12,0.0,0.02,0.0,0.02,,1,99,14,prostate_logreg,non-IID,PROSTATE,,,,,,,,
Client 39,12,0.0,0.12,0.0,0.01,,1,122,14,prostate_logreg,non-IID,PROSTATE,,,,,,,,
Client 40,12,0.0,0.04,0.0,0.01,0.08,1,112,14,prostate_logreg,non-IID,PROSTATE,0.52,0.7658,0.7448,0.2342,0.54,0.7442,0.7238,0.2558
Client 1,13,0.0,0.0,0.0,0.01,,2,64,14,prostate_logreg,non-IID,PROSTATE,,,,,,,,
Client 2,13,0.0,0.12,0.0,0.01,,2,119,14,prostate_logreg,non-IID,PROSTATE,,,,,,,,
Client 3,13,0.0,0.0,0.0,0.01,,2,114,14,prostate_logreg,non-IID,PROSTATE,,,,,,,,
Client 4,13,0.0,0.0,0.0,0.02,,2,75,14,prostate_logreg,non-IID,PROSTATE,,,,,,,,
Client 5,13,0.0,0.0,0.0,0.01,,2,122,14,prostate_logreg,non-IID,PROSTATE,,,,,,,,
Client 6,13,0.0,0.0,0.0,0.01,,2,59,14,prostate_logreg,non-IID,PROSTATE,,,,,,,,
Client 7,13,0.0,0.0,0.0,0.01,,2,132,14,prostate_logreg,non-IID,PROSTATE,,,,,,,,
Client 8,13,0.0,0.02,0.0,0.01,,2,130,14,prostate_logreg,non-IID,PROSTATE,,,,,,,,
Client 9,13,0.0,0.0,0.0,0.01,,2,134,14,prostate_logreg,non-IID,PROSTATE,,,,,,,,
Client 10,13,0.0,0.0,0.0,0.01,,2,67,14,prostate_logreg,non-IID,PROSTATE,,,,,,,,
Client 11,13,0.0,0.02,0.0,0.01,,2,120,14,prostate_logreg,non-IID,PROSTATE,,,,,,,,
Client 12,13,0.0,0.02,0.0,0.02,,2,107,14,prostate_logreg,non-IID,PROSTATE,,,,,,,,
Client 13,13,0.0,0.0,0.0,0.02,,2,107,14,prostate_logreg,non-IID,PROSTATE,,,,,,,,
Client 14,13,0.0,0.0,0.0,0.01,,2,124,14,prostate_logreg,non-IID,PROSTATE,,,,,,,,
Client 15,13,0.0,0.04,0.0,0.01,,2,125,14,prostate_logreg,non-IID,PROSTATE,,,,,,,,
Client 16,13,0.0,0.04,0.0,0.01,,2,130,14,prostate_logreg,non-IID,PROSTATE,,,,,,,,
Client 17,13,0.0,0.0,0.0,0.01,,2,111,14,prostate_logreg,non-IID,PROSTATE,,,,,,,,
Client 18,13,0.0,0.02,0.0,0.01,,2,114,14,prostate_logreg,non-IID,PROSTATE,,,,,,,,
Client 19,13,0.0,0.0,0.0,0.02,,2,111,14,prostate_logreg,non-IID,PROSTATE,,,,,,,,
Client 20,13,0.0,0.02,0.0,0.01,,2,117,14,prostate_logreg,non-IID,PROSTATE,,,,,,,,
Client 21,13,0.0,0.02,0.0,0.01,,2,137,14,prostate_logreg,non-IID,PROSTATE,,,,,,,,
Client 22,13,0.0,0.0,0.0,0.01,,2,70,14,prostate_logreg,non-IID,PROSTATE,,,,,,,,
Client 23,13,0.0,0.0,0.0,0.02,,2,116,14,prostate_logreg,non-IID,PROSTATE,,,,,,,,
Client 24,13,0.0,0.04,0.0,0.01,,2,63,14,prostate_logreg,non-IID,PROSTATE,,,,,,,,
Client 25,13,0.0,0.05,0.0,0.01,0.10,2,67,14,prostate_logreg,non-IID,PROSTATE,0.52,0.7646,0.745,0.2354,0.54,0.7454,0.7246,0.2546
Client 1,14,0.0,0.0,0.0,0.01,,2,61,14,prostate_logreg,non-IID,PROSTATE,,,,,,,,
Client 2,14,0.0,0.12,0.0,0.01,,2,60,14,prostate_logreg,non-IID,PROSTATE,,,,,,,,
Client 3,14,0.0,0.0,0.0,0.01,,2,59,14,prostate_logreg,non-IID,PROSTATE,,,,,,,,
Client 4,14,0.0,0.0,0.0,0.01,,2,117,14,prostate_logreg,non-IID,PROSTATE,,,,,,,,
Client 5,14,0.0,0.0,0.0,0.01,,2,117,14,prostate_logreg,non-IID,PROSTATE,,,,,,,,
Client 6,14,0.0,0.0,0.0,0.02,,2,94,14,prostate_logreg,non-IID,PROSTATE,,,,,,,,
Client 7,14,0.0,0.0,0.0,0.01,,2,130,14,prostate_logreg,non-IID,PROSTATE,,,,,,,,
Client 8,14,0.0,0.02,0.0,0.01,,2,113,14,prostate_logreg,non-IID,PROSTATE,,,,,,,,
Client 9,14,0.0,0.0,0.0,0.01,,2,142,14,prostate_logreg,non-IID,PROSTATE,,,,,,,,
Client 10,14,0.0,0.0,0.0,0.01,,2,119,14,prostate_logreg,non-IID,PROSTATE,,,,,,,,
Client 11,14,0.0,0.02,0.0,0.02,,2,80,14,prostate_logreg,non-IID,PROSTATE,,,,,,,,
Client 12,14,0.0,0.02,0.0,0.02,,2,104,14,prostate_logreg,non-IID,PROSTATE,,,,,,,,
Client 13,14,0.0,0.0,0.0,0.01,,2,112,14,prostate_logreg,non-IID,PROSTATE,,,,,,,,
Client 14,14,0.0,0.0,0.0,0.01,,2,122,14,prostate_logreg,non-IID,PROSTATE,,,,,,,,
Client 15,14,0.0,0.04,0.0,0.01,,2,131,14,prostate_logreg,non-IID,PROSTATE,,,,,,,,
Client 16,14,0.0,0.04,0.0,0.03,,2,102,14,prostate_logreg,non-IID,PROSTATE,,,,,,,,
Client 17,14,0.0,0.0,0.0,0.01,,2,115,14,prostate_logreg,non-IID,PROSTATE,,,,,,,,
Client 18,14,0.0,0.02,0.0,0.03,,2,101,14,prostate_logreg,non-IID,PROSTATE,,,,,,,,
Client 19,14,0.0,0.0,0.0,0.02,,2,108,14,prostate_logreg,non-IID,PROSTATE,,,,,,,,
Client 20,14,0.0,0.02,0.0,0.01,,2,116,14,prostate_logreg,non-IID,PROSTATE,,,,,,,,
Client 21,14,0.0,0.02,0.0,0.01,,2,113,14,prostate_logreg,non-IID,PROSTATE,,,,,,,,
Client 22,14,0.0,0.0,0.0,0.01,,2,118,14,prostate_logreg,non-IID,PROSTATE,,,,,,,,
Client 23,14,0.0,0.0,0.0,0.01,,2,115,14,prostate_logreg,non-IID,PROSTATE,,,,,,,,
Client 24,14,0.0,0.04,0.0,0.02,,2,79,14,prostate_logreg,non-IID,PROSTATE,,,,,,,,
Client 25,14,0.0,0.05,0.0,0.02,,2,79,14,prostate_logreg,non-IID,PROSTATE,,,,,,,,
Client 26,14,0.0,0.02,0.0,0.01,,1,113,14,prostate_logreg,non-IID,PROSTATE,,,,,,,,
Client 27,14,0.0,0.04,0.0,0.01,,1,114,14,prostate_logreg,non-IID,PROSTATE,,,,,,,,
Client 28,14,0.0,0.04,0.0,0.02,,1,79,14,prostate_logreg,non-IID,PROSTATE,,,,,,,,
Client 29,14,0.0,0.0,0.0,0.02,,1,50,14,prostate_logreg,non-IID,PROSTATE,,,,,,,,
Client 30,14,0.0,0.0,0.0,0.01,,1,64,14,prostate_logreg,non-IID,PROSTATE,,,,,,,,
Client 31,14,0.0,0.0,0.0,0.01,,1,59,14,prostate_logreg,non-IID,PROSTATE,,,,,,,,
Client 32,14,0.0,0.0,0.0,0.01,,1,111,14,prostate_logreg,non-IID,PROSTATE,,,,,,,,
Client 33,14,0.0,0.0,0.0,0.01,,1,113,14,prostate_logreg,non-IID,PROSTATE,,,,,,,,
Client 34,14,0.0,0.0,0.0,0.01,,1,111,14,prostate_logreg,non-IID,PROSTATE,,,,,,,,
Client 35,14,0.0,0.0,0.0,0.01,,1,118,14,prostate_logreg,non-IID,PROSTATE,,,,,,,,
Client 36,14,0.0,0.02,0.0,0.01,,1,67,14,prostate_logreg,non-IID,PROSTATE,,,,,,,,
Client 37,14,0.0,0.02,0.0,0.01,,1,192,14,prostate_logreg,non-IID,PROSTATE,,,,,,,,
Client 38,14,0.0,0.02,0.0,0.01,,1,121,14,prostate_logreg,non-IID,PROSTATE,,,,,,,,
Client 39,14,0.0,0.12,0.0,0.01,,1,58,14,prostate_logreg,non-IID,PROSTATE,,,,,,,,
Client 40,14,0.0,0.04,0.0,0.01,0.08,1,113,14,prostate_logreg,non-IID,PROSTATE,0.51,0.7714,0.7504,0.2286,0.54,0.7461,0.7249,0.2539
Client 1,15,0.0,0.0,0.0,0.01,,2,58,14,prostate_logreg,non-IID,PROSTATE,,,,,,,,
Client 2,15,0.0,0.12,0.0,0.01,,2,67,14,prostate_logreg,non-IID,PROSTATE,,,,,,,,
Client 3,15,0.0,0.0,0.0,0.01,,2,56,14,prostate_logreg,non-IID,PROSTATE,,,,,,,,
Client 4,15,0.0,0.0,0.0,0.01,,2,59,14,prostate_logreg,non-IID,PROSTATE,,,,,,,,
Client 5,15,0.0,0.0,0.0,0.01,,2,127,14,prostate_logreg,non-IID,PROSTATE,,,,,,,,
Client 6,15,0.0,0.0,0.0,0.01,,2,62,14,prostate_logreg,non-IID,PROSTATE,,,,,,,,
Client 7,15,0.0,0.0,0.0,0.01,,2,133,14,prostate_logreg,non-IID,PROSTATE,,,,,,,,
Client 8,15,0.0,0.02,0.0,0.01,,2,116,14,prostate_logreg,non-IID,PROSTATE,,,,,,,,
Client 9,15,0.0,0.0,0.0,0.01,,2,124,14,prostate_logreg,non-IID,PROSTATE,,,,,,,,
Client 10,15,0.0,0.0,0.0,0.01,,2,64,14,prostate_logreg,non-IID,PROSTATE,,,,,,,,
Client 11,15,0.0,0.02,0.0,0.01,,2,120,14,prostate_logreg,non-IID,PROSTATE,,,,,,,,
Client 12,15,0.0,0.02,0.0,0.01,,2,119,14,prostate_logreg,non-IID,PROSTATE,,,,,,,,
Client 13,15,0.0,0.0,0.0,0.01,,2,121,14,prostate_logreg,non-IID,PROSTATE,,,,,,,,
Client 14,15,0.0,0.0,0.0,0.01,,2,71,14,prostate_logreg,non-IID,PROSTATE,,,,,,,,
Client 15,15,0.0,0.04,0.0,0.01,,2,137,14,prostate_logreg,non-IID,PROSTATE,,,,,,,,
Client 16,15,0.0,0.04,0.0,0.01,,2,61,14,prostate_logreg,non-IID,PROSTATE,,,,,,,,
Client 17,15,0.0,0.0,0.0,0.01,,2,57,14,prostate_logreg,non-IID,PROSTATE,,,,,,,,
Client 18,15,0.0,0.02,0.0,0.01,,2,117,14,prostate_logreg,non-IID,PROSTATE,,,,,,,,
Client 19,15,0.0,0.0,0.0,0.01,,2,55,14,prostate_logreg,non-IID,PROSTATE,,,,,,,,
Client 20,15,0.0,0.02,0.0,0.01,,2,117,14,prostate_logreg,non-IID,PROSTATE,,,,,,,,
Client 21,15,0.0,0.02,0.0,0.01,,2,62,14,prostate_logreg,non-IID,PROSTATE,,,,,,,,
Client 22,15,0.0,0.0,0.0,0.01,,2,130,14,prostate_logreg,non-IID,PROSTATE,,,,,,,,
Client 23,15,0.0,0.0,0.0,0.01,,2,74,14,prostate_logreg,non-IID,PROSTATE,,,,,,,,
Client 24,15,0.0,0.04,0.0,0.01,,2,63,14,prostate_logreg,non-IID,PROSTATE,,,,,,,,
Client 25,15,0.0,0.05,0.0,0.01,0.14,2,66,14,prostate_logreg,non-IID,PROSTATE,0.51,0.7689,0.7489,0.2311,0.53,0.7469,0.7255,0.2531
Client 1,16,0.0,0.0,0.0,0.01,,2,122,14,prostate_logreg,non-IID,PROSTATE,,,,,,,,
Client 2,16,0.0,0.12,0.0,0.01,,2,67,14,prostate_logreg,non-IID,PROSTATE,,,,,,,,
Client 3,16,0.0,0.0,0.0,0.01,,2,121,14,prostate_logreg,non-IID,PROSTATE,,,,,,,,
Client 4,16,0.0,0.0,0.0,0.01,,2,124,14,prostate_logreg,non-IID,PROSTATE,,,,,,,,
Client 5,16,0.0,0.0,0.0,0.01,,2,124,14,prostate_logreg,non-IID,PROSTATE,,,,,,,,
Client 6,16,0.0,0.0,0.0,0.01,,2,117,14,prostate_logreg,non-IID,PROSTATE,,,,,,,,
Client 7,16,0.0,0.0,0.0,0.01,,2,133,14,prostate_logreg,non-IID,PROSTATE,,,,,,,,
Client 8,16,0.0,0.02,0.0,0.01,,2,130,14,prostate_logreg,non-IID,PROSTATE,,,,,,,,
Client 9,16,0.0,0.0,0.0,0.01,,2,209,14,prostate_logreg,non-IID,PROSTATE,,,,,,,,
Client 10,16,0.0,0.0,0.0,0.01,,2,66,14,prostate_logreg,non-IID,PROSTATE,,,,,,,,
Client 11,16,0.0,0.02,0.0,0.01,,2,61,14,prostate_logreg,non-IID,PROSTATE,,,,,,,,
Client 12,16,0.0,0.02,0.0,0.01,,2,126,14,prostate_logreg,non-IID,PROSTATE,,,,,,,,
Client 13,16,0.0,0.0,0.0,0.01,,2,114,14,prostate_logreg,non-IID,PROSTATE,,,,,,,,
Client 14,16,0.0,0.0,0.0,0.01,,2,113,14,prostate_logreg,non-IID,PROSTATE,,,,,,,,
Client 15,16,0.0,0.04,0.0,0.01,,2,140,14,prostate_logreg,non-IID,PROSTATE,,,,,,,,
Client 16,16,0.0,0.04,0.0,0.01,,2,71,14,prostate_logreg,non-IID,PROSTATE,,,,,,,,
Client 17,16,0.0,0.0,0.0,0.02,,2,98,14,prostate_logreg,non-IID,PROSTATE,,,,,,,,
Client 18,16,0.0,0.02,0.0,0.01,,2,107,14,prostate_logreg,non-IID,PROSTATE,,,,,,,,
Client 19,16,0.0,0.0,0.0,0.01,,2,62,14,prostate_logreg,non-IID,PROSTATE,,,,,,,,
Client 20,16,0.0,0.02,0.0,0.01,,2,63,14,prostate_logreg,non-IID,PROSTATE,,,,,,,,
Client 21,16,0.0,0.02,0.0,0.01,,2,133,14,prostate_logreg,non-IID,PROSTATE,,,,,,,,
Client 22,16,0.0,0.0,0.0,0.01,,2,133,14,prostate_logreg,non-IID,PROSTATE,,,,,,,,
Client 23,16,0.0,0.0,0.0,0.01,,2,64,14,prostate_logreg,non-IID,PROSTATE,,,,,,,,
Client 24,16,0.0,0.04,0.0,0.02,,2,98,14,prostate_logreg,non-IID,PROSTATE,,,,,,,,
Client 25,16,0.0,0.05,0.0,0.01,0.09,2,134,14,prostate_logreg,non-IID,PROSTATE,0.51,0.7703,0.7503,0.2297,0.53,0.747,0.7253,0.253
Client 1,17,0.0,0.0,0.0,0.01,,2,123,14,prostate_logreg,non-IID,PROSTATE,,,,,,,,
Client 2,17,0.0,0.12,0.0,0.01,,2,63,14,prostate_logreg,non-IID,PROSTATE,,,,,,,,
Client 3,17,0.0,0.0,0.0,0.02,,2,104,14,prostate_logreg,non-IID,PROSTATE,,,,,,,,
Client 4,17,0.0,0.0,0.0,0.01,,2,116,14,prostate_logreg,non-IID,PROSTATE,,,,,,,,
Client 5,17,0.0,0.0,0.0,0.01,,2,133,14,prostate_logreg,non-IID,PROSTATE,,,,,,,,
Client 6,17,0.0,0.0,0.0,0.01,,2,128,14,prostate_logreg,non-IID,PROSTATE,,,,,,,,
Client 7,17,0.0,0.0,0.0,0.01,,2,136,14,prostate_logreg,non-IID,PROSTATE,,,,,,,,
Client 8,17,0.0,0.02,0.0,0.01,,2,123,14,prostate_logreg,non-IID,PROSTATE,,,,,,,,
Client 9,17,0.0,0.0,0.0,0.01,,2,127,14,prostate_logreg,non-IID,PROSTATE,,,,,,,,
Client 10,17,0.0,0.0,0.0,0.01,,2,142,14,prostate_logreg,non-IID,PROSTATE,,,,,,,,
Client 11,17,0.0,0.02,0.0,0.01,,2,119,14,prostate_logreg,non-IID,PROSTATE,,,,,,,,
Client 12,17,0.0,0.02,0.0,0.01,,2,108,14,prostate_logreg,non-IID,PROSTATE,,,,,,,,
Client 13,17,0.0,0.0,0.0,0.01,,2,130,14,prostate_logreg,non-IID,PROSTATE,,,,,,,,
Client 14,17,0.0,0.0,0.0,0.01,,2,62,14,prostate_logreg,non-IID,PROSTATE,,,,,,,,
Client 15,17,0.0,0.04,0.0,0.01,,2,128,14,prostate_logreg,non-IID,PROSTATE,,,,,,,,
Client 16,17,0.0,0.04,0.0,0.01,,2,116,14,prostate_logreg,non-IID,PROSTATE,,,,,,,,
Client 17,17,0.0,0.0,0.0,0.03,,2,95,14,prostate_logreg,non-IID,PROSTATE,,,,,,,,
Client 18,17,0.0,0.02,0.0,0.03,,2,97,14,prostate_logreg,non-IID,PROSTATE,,,,,,,,
Client 19,17,0.0,0.0,0.0,0.01,,2,111,14,prostate_logreg,non-IID,PROSTATE,,,,,,,,
Client 20,17,0.0,0.02,0.0,0.01,,2,113,14,prostate_logreg,non-IID,PROSTATE,,,,,,,,
Client 21,17,0.0,0.02,0.0,0.01,,2,121,14,prostate_logreg,non-IID,PROSTATE,,,,,,,,
Client 22,17,0.0,0.0,0.0,0.01,,2,120,14,prostate_logreg,non-IID,PROSTATE,,,,,,,,
Client 23,17,0.0,0.0,0.0,0.02,,2,54,14,prostate_logreg,non-IID,PROSTATE,,,,,,,,
Client 24,17,0.0,0.04,0.0,0.01,,2,67,14,prostate_logreg,non-IID,PROSTATE,,,,,,,,
Client 25,17,0.0,0.05,0.0,0.01,0.09,2,108,14,prostate_logreg,non-IID,PROSTATE,0.51,0.771,0.7507,0.229,0.53,0.7469,0.7249,0.2531
Client 1,18,0.0,0.0,0.0,0.02,,2,87,14,prostate_logreg,non-IID,PROSTATE,,,,,,,,
Client 2,18,0.0,0.12,0.0,0.01,,2,111,14,prostate_logreg,non-IID,PROSTATE,,,,,,,,
Client 3,18,0.0,0.0,0.0,0.01,,2,112,14,prostate_logreg,non-IID,PROSTATE,,,,,,,,
Client 4,18,0.0,0.0,0.0,0.01,,2,123,14,prostate_logreg,non-IID,PROSTATE,,,,,,,,
Client 5,18,0.0,0.0,0.0,0.01,,2,130,14,prostate_logreg,non-IID,PROSTATE,,,,,,,,
Client 6,18,0.0,0.0,0.0,0.01,,2,137,14,prostate_logreg,non-IID,PROSTATE,,,,,,,,
Client 7,18,0.0,0.0,0.0,0.01,,2,74,14,prostate_logreg,non-IID,PROSTATE,,,,,,,,
Client 8,18,0.0,0.02,0.0,0.01,,2,117,14,prostate_logreg,non-IID,PROSTATE,,,,,,,,
Client 9,18,0.0,0.0,0.0,0.01,,2,144,14,prostate_logreg,non-IID,PROSTATE,,,,,,,,
Client 10,18,0.0,0.0,0.0,0.01,,2,75,14,prostate_logreg,non-IID,PROSTATE,,,,,,,,
Client 11,18,0.0,0.02,0.0,0.01,,2,126,14,prostate_logreg,non-IID,PROSTATE,,,,,,,,
Client 12,18,0.0,0.02,0.0,0.02,,2,79,14,prostate_logreg,non-IID,PROSTATE,,,,,,,,
Client 13,18,0.0,0.0,0.0,0.01,,2,123,14,prostate_logreg,non-IID,PROSTATE,,,,,,,,
Client 14,18,0.0,0.0,0.0,0.02,,2,84,14,prostate_logreg,non-IID,PROSTATE,,,,,,,,
Client 15,18,0.0,0.04,0.0,0.01,,2,130,14,prostate_logreg,non-IID,PROSTATE,,,,,,,,
Client 16,18,0.0,0.04,0.0,0.02,,2,105,14,prostate_logreg,non-IID,PROSTATE,,,,,,,,
Client 17,18,0.0,0.0,0.0,0.02,,2,95,14,prostate_logreg,non-IID,PROSTATE,,,,,,,,
Client 18,18,0.0,0.02,0.0,0.01,,2,117,14,prostate_logreg,non-IID,PROSTATE,,,,,,,,
Client 19,18,0.0,0.0,0.0,0.01,,2,112,14,prostate_logreg,non-IID,PROSTATE,,,,,,,,
Client 20,18,0.0,0.02,0.0,0.01,,2,110,14,prostate_logreg,non-IID,PROSTATE,,,,,,,,
Client 21,18,0.0,0.02,0.0,0.01,,2,120,14,prostate_logreg,non-IID,PROSTATE,,,,,,,,
Client 22,18,0.0,0.0,0.0,0.01,,2,128,14,prostate_logreg,non-IID,PROSTATE,,,,,,,,
Client 23,18,0.0,0.0,0.0,0.02,,2,105,14,prostate_logreg,non-IID,PROSTATE,,,,,,,,
Client 24,18,0.0,0.04,0.0,0.01,,2,137,14,prostate_logreg,non-IID,PROSTATE,,,,,,,,
Client 25,18,0.0,0.05,0.0,0.01,,2,62,14,prostate_logreg,non-IID,PROSTATE,,,,,,,,
Client 26,18,0.0,0.02,0.0,0.01,,1,57,14,prostate_logreg,non-IID,PROSTATE,,,,,,,,
Client 27,18,0.0,0.04,0.0,0.01,,1,108,14,prostate_logreg,non-IID,PROSTATE,,,,,,,,
Client 28,18,0.0,0.04,0.0,0.01,,1,71,14,prostate_logreg,non-IID,PROSTATE,,,,,,,,
Client 29,18,0.0,0.0,0.0,0.01,,1,156,14,prostate_logreg,non-IID,PROSTATE,,,,,,,,
Client 30,18,0.0,0.0,0.0,0.01,,1,64,14,prostate_logreg,non-IID,PROSTATE,,,,,,,,
Client 31,18,0.0,0.0,0.0,0.01,,1,60,14,prostate_logreg,non-IID,PROSTATE,,,,,,,,
Client 32,18,0.0,0.0,0.0,0.02,,1,123,14,prostate_logreg,non-IID,PROSTATE,,,,,,,,
Client 33,18,0.0,0.0,0.0,0.01,,1,121,14,prostate_logreg,non-IID,PROSTATE,,,,,,,,
Client 34,18,0.0,0.0,0.0,0.02,,1,102,14,prostate_logreg,non-IID,PROSTATE,,,,,,,,
Client 35,18,0.0,0.0,0.0,0.01,,1,62,14,prostate_logreg,non-IID,PROSTATE,,,,,,,,
Client 36,18,0.0,0.02,0.0,0.01,,1,65,14,prostate_logreg,non-IID,PROSTATE,,,,,,,,
Client 37,18,0.0,0.02,0.0,0.01,,1,106,14,prostate_logreg,non-IID,PROSTATE,,,,,,,,
Client 38,18,0.0,0.02,0.0,0.02,,1,103,14,prostate_logreg,non-IID,PROSTATE,,,,,,,,
Client 39,18,0.0,0.12,0.0,0.01,,1,67,14,prostate_logreg,non-IID,PROSTATE,,,,,,,,
Client 40,18,0.0,0.04,0.0,0.02,0.14,1,94,14,prostate_logreg,non-IID,PROSTATE,0.5,0.7738,0.7521,0.2262,0.53,0.7466,0.7242,0.2534
Client 1,19,0.0,0.0,0.0,0.01,,2,57,14,prostate_logreg,non-IID,PROSTATE,,,,,,,,
Client 2,19,0.0,0.12,0.0,0.01,,2,113,14,prostate_logreg,non-IID,PROSTATE,,,,,,,,
Client 3,19,0.0,0.0,0.0,0.02,,2,155,14,prostate_logreg,non-IID,PROSTATE,,,,,,,,
Client 4,19,0.0,0.0,0.0,0.01,,2,133,14,prostate_logreg,non-IID,PROSTATE,,,,,,,,
Client 5,19,0.0,0.0,0.0,0.01,,2,127,14,prostate_logreg,non-IID,PROSTATE,,,,,,,,
Client 6,19,0.0,0.0,0.0,0.01,,2,126,14,prostate_logreg,non-IID,PROSTATE,,,,,,,,
Client 7,19,0.0,0.0,0.0,0.02,,2,99,14,prostate_logreg,non-IID,PROSTATE,,,,,,,,
Client 8,19,0.0,0.02,0.0,0.01,,2,62,14,prostate_logreg,non-IID,PROSTATE,,,,,,,,
Client 9,19,0.0,0.0,0.0,0.01,,2,124,14,prostate_logreg,non-IID,PROSTATE,,,,,,,,
Client 10,19,0.0,0.0,0.0,0.01,,2,127,14,prostate_logreg,non-IID,PROSTATE,,,,,,,,
Client 11,19,0.0,0.02,0.0,0.01,,2,121,14,prostate_logreg,non-IID,PROSTATE,,,,,,,,
Client 12,19,0.0,0.02,0.0,0.01,,2,67,14,prostate_logreg,non-IID,PROSTATE,,,,,,,,
Client 13,19,0.0,0.0,0.0,0.01,,2,63,14,prostate_logreg,non-IID,PROSTATE,,,,,,,,
Client 14,19,0.0,0.0,0.0,0.01,,2,123,14,prostate_logreg,non-IID,PROSTATE,,,,,,,,
Client 15,19,0.0,0.04,0.0,0.01,,2,185,14,prostate_logreg,non-IID,PROSTATE,,,,,,,,
Client 16,19,0.0,0.04,0.0,0.01,,2,115,14,prostate_logreg,non-IID,PROSTATE,,,,,,,,
Client 17,19,0.0,0.0,0.0,0.01,,2,131,14,prostate_logreg,non-IID,PROSTATE,,,,,,,,
Client 18,19,0.0,0.02,0.0,0.01,,2,62,14,prostate_logreg,non-IID,PROSTATE,,,,,,,,
Client 19,19,0.0,0.0,0.0,0.01,,2,122,14,prostate_logreg,non-IID,PROSTATE,,,,,,,,
Client 20,19,0.0,0.02,0.0,0.01,,2,110,14,prostate_logreg,non-IID,PROSTATE,,,,,,,,
Client 21,19,0.0,0.02,0.0,0.01,,2,133,14,prostate_logreg,non-IID,PROSTATE,,,,,,,,
Client 22,19,0.0,0.0,0.0,0.01,,2,133,14,prostate_logreg,non-IID,PROSTATE,,,,,,,,
Client 23,19,0.0,0.0,0.0,0.01,,2,141,14,prostate_logreg,non-IID,PROSTATE,,,,,,,,
Client 24,19,0.0,0.04,0.0,0.01,,2,68,14,prostate_logreg,non-IID,PROSTATE,,,,,,,,
Client 25,19,0.0,0.05,0.0,0.01,,2,65,14,prostate_logreg,non-IID,PROSTATE,,,,,,,,
Client 26,19,0.0,0.02,0.0,0.02,,1,107,14,prostate_logreg,non-IID,PROSTATE,,,,,,,,
Client 27,19,0.0,0.04,0.0,0.01,,1,116,14,prostate_logreg,non-IID,PROSTATE,,,,,,,,
Client 28,19,0.0,0.04,0.0,0.01,,1,126,14,prostate_logreg,non-IID,PROSTATE,,,,,,,,
Client 29,19,0.0,0.0,0.0,0.01,,1,111,14,prostate_logreg,non-IID,PROSTATE,,,,,,,,
Client 30,19,0.0,0.0,0.0,0.01,,1,63,14,prostate_logreg,non-IID,PROSTATE,,,,,,,,
Client 31,19,0.0,0.0,0.0,0.01,,1,64,14,prostate_logreg,non-IID,PROSTATE,,,,,,,,
Client 32,19,0.0,0.0,0.0,0.01,,1,112,14,prostate_logreg,non-IID,PROSTATE,,,,,,,,
Client 33,19,0.0,0.0,0.0,0.01,,1,128,14,prostate_logreg,non-IID,PROSTATE,,,,,,,,
Client 34,19,0.0,0.0,0.0,0.01,,1,113,14,prostate_logreg,non-IID,PROSTATE,,,,,,,,
Client 35,19,0.0,0.0,0.0,0.01,,1,62,14,prostate_logreg,non-IID,PROSTATE,,,,,,,,
Client 36,19,0.0,0.02,0.0,0.01,,1,66,14,prostate_logreg,non-IID,PROSTATE,,,,,,,,
Client 37,19,0.0,0.02,0.0,0.01,,1,124,14,prostate_logreg,non-IID,PROSTATE,,,,,,,,
Client 38,19,0.0,0.02,0.0,0.01,,1,58,14,prostate_logreg,non-IID,PROSTATE,,,,,,,,
Client 39,19,0.0,0.12,0.0,0.01,,1,64,14,prostate_logreg,non-IID,PROSTATE,,,,,,,,
Client 40,19,0.0,0.04,0.0,0.01,0.09,1,67,14,prostate_logreg,non-IID,PROSTATE,0.5,0.7738,0.752,0.2262,0.53,0.7458,0.7232,0.2542
Client 1,20,0.0,0.0,0.0,0.01,,2,59,14,prostate_logreg,non-IID,PROSTATE,,,,,,,,
Client 2,20,0.0,0.12,0.0,0.02,,2,106,14,prostate_logreg,non-IID,PROSTATE,,,,,,,,
Client 3,20,0.0,0.0,0.0,0.01,,2,120,14,prostate_logreg,non-IID,PROSTATE,,,,,,,,
Client 4,20,0.0,0.0,0.0,0.01,,2,130,14,prostate_logreg,non-IID,PROSTATE,,,,,,,,
Client 5,20,0.0,0.0,0.0,0.01,,2,64,14,prostate_logreg,non-IID,PROSTATE,,,,,,,,
Client 6,20,0.0,0.0,0.0,0.02,,2,145,14,prostate_logreg,non-IID,PROSTATE,,,,,,,,
Client 7,20,0.0,0.0,0.0,0.01,,2,137,14,prostate_logreg,non-IID,PROSTATE,,,,,,,,
Client 8,20,0.0,0.02,0.0,0.01,,2,123,14,prostate_logreg,non-IID,PROSTATE,,,,,,,,
Client 9,20,0.0,0.0,0.0,0.01,,2,122,14,prostate_logreg,non-IID,PROSTATE,,,,,,,,
Client 10,20,0.0,0.0,0.0,0.01,,2,65,14,prostate_logreg,non-IID,PROSTATE,,,,,,,,
Client 11,20,0.0,0.02,0.0,0.02,,2,78,14,prostate_logreg,non-IID,PROSTATE,,,,,,,,
Client 12,20,0.0,0.02,0.0,0.02,,2,105,14,prostate_logreg,non-IID,PROSTATE,,,,,,,,
Client 13,20,0.0,0.0,0.0,0.01,,2,129,14,prostate_logreg,non-IID,PROSTATE,,,,,,,,
Client 14,20,0.0,0.0,0.0,0.01,,2,130,14,prostate_logreg,non-IID,PROSTATE,,,,,,,,
Client 15,20,0.0,0.04,0.0,0.01,,2,130,14,prostate_logreg,non-IID,PROSTATE,,,,,,,,
Client 16,20,0.0,0.04,0.0,0.01,,2,61,14,prostate_logreg,non-IID,PROSTATE,,,,,,,,
Client 17,20,0.0,0.0,0.0,0.01,,2,128,14,prostate_logreg,non-IID,PROSTATE,,,,,,,,
Client 18,20,0.0,0.02,0.0,0.01,,2,112,14,prostate_logreg,non-IID,PROSTATE,,,,,,,,
Client 19,20,0.0,0.0,0.0,0.01,,2,114,14,prostate_logreg,non-IID,PROSTATE,,,,,,,,
Client 20,20,0.0,0.02,0.0,0.01,,2,118,14,prostate_logreg,non-IID,PROSTATE,,,,,,,,
Client 21,20,0.0,0.02,0.0,0.01,,2,63,14,prostate_logreg,non-IID,PROSTATE,,,,,,,,
Client 22,20,0.0,0.0,0.0,0.01,,2,136,14,prostate_logreg,non-IID,PROSTATE,,,,,,,,
Client 23,20,0.0,0.0,0.0,0.01,,2,118,14,prostate_logreg,non-IID,PROSTATE,,,,,,,,
Client 24,20,0.0,0.04,0.0,0.01,,2,124,14,prostate_logreg,non-IID,PROSTATE,,,,,,,,
Client 25,20,0.0,0.05,0.0,0.01,,2,71,14,prostate_logreg,non-IID,PROSTATE,,,,,,,,
Client 26,20,0.0,0.02,0.0,0.01,,1,136,14,prostate_logreg,non-IID,PROSTATE,,,,,,,,
Client 27,20,0.0,0.04,0.0,0.01,,1,119,14,prostate_logreg,non-IID,PROSTATE,,,,,,,,
Client 28,20,0.0,0.04,0.0,0.02,,1,120,14,prostate_logreg,non-IID,PROSTATE,,,,,,,,
Client 29,20,0.0,0.0,0.0,0.01,,1,121,14,prostate_logreg,non-IID,PROSTATE,,,,,,,,
Client 30,20,0.0,0.0,0.0,0.01,,1,67,14,prostate_logreg,non-IID,PROSTATE,,,,,,,,
Client 31,20,0.0,0.0,0.0,0.02,,1,74,14,prostate_logreg,non-IID,PROSTATE,,,,,,,,
Client 32,20,0.0,0.0,0.0,0.02,,1,104,14,prostate_logreg,non-IID,PROSTATE,,,,,,,,
Client 33,20,0.0,0.0,0.0,0.01,,1,131,14,prostate_logreg,non-IID,PROSTATE,,,,,,,,
Client 34,20,0.0,0.0,0.0,0.01,,1,129,14,prostate_logreg,non-IID,PROSTATE,,,,,,,,
Client 35,20,0.0,0.0,0.0,0.01,,1,63,14,prostate_logreg,non-IID,PROSTATE,,,,,,,,
Client 36,20,0.0,0.02,0.0,0.01,,1,71,14,prostate_logreg,non-IID,PROSTATE,,,,,,,,
Client 37,20,0.0,0.02,0.0,0.01,,1,130,14,prostate_logreg,non-IID,PROSTATE,,,,,,,,
Client 38,20,0.0,0.02,0.0,0.01,,1,115,14,prostate_logreg,non-IID,PROSTATE,,,,,,,,
Client 39,20,0.0,0.12,0.0,0.01,,1,64,14,prostate_logreg,non-IID,PROSTATE,,,,,,,,
Client 40,20,0.0,0.04,0.0,0.01,0.10,1,63,14,prostate_logreg,non-IID,PROSTATE,0.5,0.7745,0.7526,0.2255,0.53,0.7456,0.7228,0.2544
