Client ID,FL Round,Training Time,JSD,HDH Time,Communication Time,Total Time of FL Round,# of CPU,CPU Usage (%),RAM Usage (%),Model Type,Data Distr. Type,Dataset,Train Loss,Train Accuracy,Train F1,Train MAE,Val Loss,Val Accuracy,Val F1,Val MAE
Client 1,1,0.0,0.0,0.0,0.02,,2,100,14,prostate_logreg,non-IID,PROSTATE,,,,,,,,
Client 2,1,0.0,0.12,0.0,0.02,,2,100,14,prostate_logreg,non-IID,PROSTATE,,,,,,,,
Client 3,1,0.0,0.0,0.0,0.01,,2,102,14,prostate_logreg,non-IID,PROSTATE,,,,,,,,
Client 4,1,0.0,0.0,0.0,0.01,,2,102,14,prostate_logreg,non-IID,PROSTATE,,,,,,,,
Client 5,1,0.0,0.0,0.0,0.01,,2,102,14,prostate_logreg,non-IID,PROSTATE,,,,,,,,
Client 6,1,0.0,0.0,0.0,0.01,,2,101,14,prostate_logreg,non-IID,PROSTATE,,,,,,,,
Client 7,1,0.0,0.0,0.0,0.01,,2,101,14,prostate_logreg,non-IID,PROSTATE,,,,,,,,
Client 8,1,0.0,0.02,0.0,0.01,,2,101,14,prostate_logreg,non-IID,PROSTATE,,,,,,,,
Client 9,1,0.0,0.0,0.0,0.02,,2,99,14,prostate_logreg,non-IID,PROSTATE,,,,,,,,
Client 10,1,0.0,0.0,0.0,0.02,,2,102,14,prostate_logreg,non-IID,PROSTATE,,,,,,,,
Client 11,1,0.0,0.02,0.0,0.01,,2,101,14,prostate_logreg,non-IID,PROSTATE,,,,,,,,
Client 12,1,0.0,0.02,0.0,0.02,,2,102,14,prostate_logreg,non-IID,PROSTATE,,,,,,,,
Client 13,1,0.0,0.0,0.0,0.01,,2,100,14,prostate_logreg,non-IID,PROSTATE,,,,,,,,
Client 14,1,0.01,0.0,0.0,0.03,,2,100,14,prostate_logreg,non-IID,PROSTATE,,,,,,,,
Client 15,1,0.0,0.04,0.0,0.01,,2,102,14,prostate_logreg,non-IID,PROSTATE,,,,,,,,
Client 16,1,0.0,0.04,0.0,0.02,,2,100,14,prostate_logreg,non-IID,PROSTATE,,,,,,,,
Client 17,1,0.0,0.0,0.0,0.02,,2,100,14,prostate_logreg,non-IID,PROSTATE,,,,,,,,
Client 18,1,0.0,0.02,0.0,0.01,,2,102,14,prostate_logreg,non-IID,PROSTATE,,,,,,,,
Client 19,1,0.0,0.0,0.0,0.02,,2,99,14,prostate_logreg,non-IID,PROSTATE,,,,,,,,
Client 20,1,0.0,0.02,0.0,0.01,,2,101,14,prostate_logreg,non-IID,PROSTATE,,,,,,,,
Client 21,1,0.0,0.02,0.0,0.02,,2,102,14,prostate_logreg,non-IID,PROSTATE,,,,,,,,
Client 22,1,0.0,0.0,0.0,0.01,,2,99,14,prostate_logreg,non-IID,PROSTATE,,,,,,,,
Client 23,1,0.0,0.0,0.0,0.02,,2,100,14,prostate_logreg,non-IID,PROSTATE,,,,,,,,
Client 24,1,0.0,0.04,0.0,0.01,,2,100,14,prostate_logreg,non-IID,PROSTATE,,,,,,,,
Client 25,1,0.0,0.05,0.0,0.02,1.68,2,98,14,prostate_logreg,non-IID,PROSTATE,0.72,0.4827,0.4504,0.5173,0.74,0.4514,0.4691,0.5486
Client 1,2,0.0,0.0,0.17,0.02,,2,102,14,prostate_logreg,non-IID,PROSTATE,,,,,,,,
Client 2,2,0.0,0.0,0.2,0.01,,2,103,14,prostate_logreg,non-IID,PROSTATE,,,,,,,,
Client 3,2,0.0,0.0,0.17,0.01,,2,105,14,prostate_logreg,non-IID,PROSTATE,,,,,,,,
Client 4,2,0.0,0.0,0.16,0.01,,2,100,14,prostate_logreg,non-IID,PROSTATE,,,,,,,,
Client 5,2,0.0,0.0,0.18,0.01,,2,103,14,prostate_logreg,non-IID,PROSTATE,,,,,,,,
Client 6,2,0.0,0.0,0.16,0.01,,2,102,14,prostate_logreg,non-IID,PROSTATE,,,,,,,,
Client 7,2,0.0,0.0,0.17,0.01,,2,101,14,prostate_logreg,non-IID,PROSTATE,,,,,,,,
Client 8,2,0.0,0.0,0.22,0.01,,2,100,14,prostate_logreg,non-IID,PROSTATE,,,,,,,,
Client 9,2,0.0,0.0,0.2,0.02,,2,98,14,prostate_logreg,non-IID,PROSTATE,,,,,,,,
Client 10,2,0.0,0.0,0.16,0.01,,2,95,14,prostate_logreg,non-IID,PROSTATE,,,,,,,,
Client 11,2,0.0,0.02,0.0,0.02,,2,115,14,prostate_logreg,non-IID,PROSTATE,,,,,,,,
Client 12,2,0.0,0.0,0.21,0.01,,2,96,14,prostate_logreg,non-IID,PROSTATE,,,,,,,,
Client 13,2,0.0,0.0,0.0,0.02,,2,100,14,prostate_logreg,non-IID,PROSTATE,,,,,,,,
Client 14,2,0.0,0.0,0.0,0.01,,2,129,14,prostate_logreg,non-IID,PROSTATE,,,,,,,,
Client 15,2,0.0,0.0,0.19,0.01,,2,99,14,prostate_logreg,non-IID,PROSTATE,,,,,,,,
Client 16,2,0.0,0.0,0.17,0.01,,2,106,14,prostate_logreg,non-IID,PROSTATE,,,,,,,,
Client 17,2,0.0,0.0,0.0,0.02,,2,100,14,prostate_logreg,non-IID,PROSTATE,,,,,,,,
Client 18,2,0.0,0.02,0.0,0.01,,2,118,14,prostate_logreg,non-IID,PROSTATE,,,,,,,,
Client 19,2,0.0,0.0,0.17,0.01,,2,103,14,prostate_logreg,non-IID,PROSTATE,,,,,,,,
Client 20,2,0.0,0.02,0.0,0.01,,2,62,14,prostate_logreg,non-IID,PROSTATE,,,,,,,,
Client 21,2,0.0,0.0,0.22,0.01,,2,96,14,prostate_logreg,non-IID,PROSTATE,,,,,,,,
Client 22,2,0.0,0.0,0.0,0.02,,2,79,14,prostate_logreg,non-IID,PROSTATE,,,,,,,,
Client 23,2,0.0,0.0,0.0,0.02,,2,103,14,prostate_logreg,non-IID,PROSTATE,,,,,,,,
Client 24,2,0.0,0.04,0.0,0.01,,2,126,14,prostate_logreg,non-IID,PROSTATE,,,,,,,,
Client 25,2,0.0,0.05,0.0,0.02,0.39,2,96,14,prostate_logreg,non-IID,PROSTATE,0.68,0.5676,0.5386,0.4324,0.7,0.5218,0.5469,0.4782
Client 1,3,0.0,0.0,0.01,0.01,,2,78,14,prostate_logreg,non-IID,PROSTATE,,,,,,,,
Client 2,3,0.0,0.0,0.01,0.01,,2,123,14,prostate_logreg,non-IID,PROSTATE,,,,,,,,
Client 3,3,0.0,0.0,0.01,0.01,,2,94,14,prostate_logreg,non-IID,PROSTATE,,,,,,,,
Client 4,3,0.0,0.0,0.01,0.01,,2,103,14,prostate_logreg,non-IID,PROSTATE,,,,,,,,
Client 5,3,0.0,0.0,0.01,0.02,,2,99,14,prostate_logreg,non-IID,PROSTATE,,,,,,,,
Client 6,3,0.0,0.0,0.01,0.01,,2,80,14,prostate_logreg,non-IID,PROSTATE,,,,,,,,
Client 7,3,0.0,0.0,0.01,0.02,,2,98,14,prostate_logreg,non-IID,PROSTATE,,,,,,,,
Client 8,3,0.0,0.0,0.01,0.01,,2,119,14,prostate_logreg,non-IID,PROSTATE,,,,,,,,
Client 9,3,0.0,0.0,0.01,0.01,,2,119,14,prostate_logreg,non-IID,PROSTATE,,,,,,,,
Client 10,3,0.0,0.0,0.01,0.02,,2,129,14,prostate_logreg,non-IID,PROSTATE,,,,,,,,
Client 11,3,0.0,0.0,0.17,0.01,,2,94,14,prostate_logreg,non-IID,PROSTATE,,,,,,,,
Client 12,3,0.0,0.0,0.01,0.01,,2,115,14,prostate_logreg,non-IID,PROSTATE,,,,,,,,
Client 13,3,0.0,0.0,0.17,0.01,,2,98,14,prostate_logreg,non-IID,PROSTATE,,,,,,,,
Client 14,3,0.0,0.0,0.16,0.01,,2,96,14,prostate_logreg,non-IID,PROSTATE,,,,,,,,
Client 15,3,0.0,0.0,0.01,0.02,,2,130,14,prostate_logreg,non-IID,PROSTATE,,,,,,,,
Client 16,3,0.0,0.0,0.01,0.02,,2,100,14,prostate_logreg,non-IID,PROSTATE,,,,,,,,
Client 17,3,0.0,0.0,0.17,0.01,,2,99,14,prostate_logreg,non-IID,PROSTATE,,,,,,,,
Client 18,3,0.0,0.0,0.18,0.01,,2,100,14,prostate_logreg,non-IID,PROSTATE,,,,,,,,
Client 19,3,0.0,0.0,0.01,0.01,,2,79,14,prostate_logreg,non-IID,PROSTATE,,,,,,,,
Client 20,3,0.0,0.0,0.17,0.01,,2,103,14,prostate_logreg,non-IID,PROSTATE,,,,,,,,
Client 21,3,0.0,0.0,0.01,0.01,,2,83,14,prostate_logreg,non-IID,PROSTATE,,,,,,,,
Client 22,3,0.0,0.0,0.17,0.01,,2,103,14,prostate_logreg,non-IID,PROSTATE,,,,,,,,
Client 23,3,0.0,0.0,0.16,0.01,,2,91,14,prostate_logreg,non-IID,PROSTATE,,,,,,,,
Client 24,3,0.0,0.0,0.24,0.01,,2,97,14,prostate_logreg,non-IID,PROSTATE,,,,,,,,
Client 25,3,0.0,0.0,0.16,0.01,,2,101,14,prostate_logreg,non-IID,PROSTATE,,,,,,,,
Client 26,3,0.0,0.0,0.01,0.02,,1,76,14,prostate_logreg,non-IID,PROSTATE,,,,,,,,
Client 27,3,0.0,0.04,0.0,0.01,,1,101,14,prostate_logreg,non-IID,PROSTATE,,,,,,,,
Client 28,3,0.0,0.04,0.0,0.02,,1,82,14,prostate_logreg,non-IID,PROSTATE,,,,,,,,
Client 29,3,0.0,0.0,0.01,0.02,,1,92,14,prostate_logreg,non-IID,PROSTATE,,,,,,,,
Client 30,3,0.01,0.0,0.01,0.03,,1,83,14,prostate_logreg,non-IID,PROSTATE,,,,,,,,
Client 31,3,0.0,0.0,0.27,0.06,,1,54,14,prostate_logreg,non-IID,PROSTATE,,,,,,,,
Client 32,3,0.01,0.0,0.01,0.03,,1,105,14,prostate_logreg,non-IID,PROSTATE,,,,,,,,
Client 33,3,0.0,0.0,0.01,0.02,,1,86,14,prostate_logreg,non-IID,PROSTATE,,,,,,,,
Client 34,3,0.0,0.0,0.49,0.02,,1,52,14,prostate_logreg,non-IID,PROSTATE,,,,,,,,
Client 35,3,0.0,0.0,0.4,0.02,,1,54,14,prostate_logreg,non-IID,PROSTATE,,,,,,,,
Client 36,3,0.0,0.0,0.01,0.01,,1,111,14,prostate_logreg,non-IID,PROSTATE,,,,,,,,
Client 37,3,0.0,0.0,0.01,0.02,,1,120,14,prostate_logreg,non-IID,PROSTATE,,,,,,,,
Client 38,3,0.0,0.0,0.01,0.02,,1,98,14,prostate_logreg,non-IID,PROSTATE,,,,,,,,
Client 39,3,0.0,0.0,0.01,0.01,,1,109,14,prostate_logreg,non-IID,PROSTATE,,,,,,,,
Client 40,3,0.0,0.0,0.01,0.01,0.50,1,114,14,prostate_logreg,non-IID,PROSTATE,0.64,0.6218,0.5819,0.3782,0.68,0.5496,0.5731,0.4504
Client 1,4,0.0,0.0,0.01,0.01,,2,113,14,prostate_logreg,non-IID,PROSTATE,,,,,,,,
Client 2,4,0.0,0.0,0.01,0.01,,2,89,14,prostate_logreg,non-IID,PROSTATE,,,,,,,,
Client 3,4,0.0,0.0,0.01,0.02,,2,91,14,prostate_logreg,non-IID,PROSTATE,,,,,,,,
Client 4,4,0.0,0.0,0.01,0.01,,2,84,14,prostate_logreg,non-IID,PROSTATE,,,,,,,,
Client 5,4,0.0,0.0,0.01,0.01,,2,113,14,prostate_logreg,non-IID,PROSTATE,,,,,,,,
Client 6,4,0.0,0.0,0.01,0.02,,2,97,14,prostate_logreg,non-IID,PROSTATE,,,,,,,,
Client 7,4,0.0,0.0,0.01,0.01,,2,109,14,prostate_logreg,non-IID,PROSTATE,,,,,,,,
Client 8,4,0.0,0.0,0.01,0.02,,2,91,14,prostate_logreg,non-IID,PROSTATE,,,,,,,,
Client 9,4,0.0,0.0,0.01,0.01,,2,113,14,prostate_logreg,non-IID,PROSTATE,,,,,,,,
Client 10,4,0.0,0.0,0.01,0.01,,2,119,14,prostate_logreg,non-IID,PROSTATE,,,,,,,,
Client 11,4,0.0,0.0,0.01,0.01,,2,73,14,prostate_logreg,non-IID,PROSTATE,,,,,,,,
Client 12,4,0.0,0.0,0.01,0.02,,2,104,14,prostate_logreg,non-IID,PROSTATE,,,,,,,,
Client 13,4,0.0,0.0,0.01,0.01,,2,123,14,prostate_logreg,non-IID,PROSTATE,,,,,,,,
Client 14,4,0.0,0.0,0.01,0.01,,2,110,14,prostate_logreg,non-IID,PROSTATE,,,,,,,,
Client 15,4,0.0,0.0,0.01,0.01,,2,86,14,prostate_logreg,non-IID,PROSTATE,,,,,,,,
Client 16,4,0.0,0.0,0.01,0.02,,2,101,14,prostate_logreg,non-IID,PROSTATE,,,,,,,,
Client 17,4,0.0,0.0,0.01,0.01,,2,113,14,prostate_logreg,non-IID,PROSTATE,,,,,,,,
Client 18,4,0.0,0.0,0.01,0.01,,2,105,14,prostate_logreg,non-IID,PROSTATE,,,,,,,,
Client 19,4,0.0,0.0,0.01,0.01,,2,71,14,prostate_logreg,non-IID,PROSTATE,,,,,,,,
Client 20,4,0.0,0.0,0.0,0.01,,2,121,14,prostate_logreg,non-IID,PROSTATE,,,,,,,,
Client 21,4,0.0,0.0,0.0,0.03,,2,93,14,prostate_logreg,non-IID,PROSTATE,,,,,,,,
Client 22,4,0.0,0.0,0.01,0.03,,2,95,14,prostate_logreg,non-IID,PROSTATE,,,,,,,,
Client 23,4,0.0,0.0,0.01,0.01,,2,91,14,prostate_logreg,non-IID,PROSTATE,,,,,,,,
Client 24,4,0.0,0.0,0.01,0.01,,2,118,14,prostate_logreg,non-IID,PROSTATE,,,,,,,,
Client 25,4,0.0,0.0,0.01,0.02,,2,102,14,prostate_logreg,non-IID,PROSTATE,,,,,,,,
Client 26,4,0.0,0.0,0.01,0.01,,1,115,14,prostate_logreg,non-IID,PROSTATE,,,,,,,,
Client 27,4,0.0,0.0,0.32,0.01,,1,57,14,prostate_logreg,non-IID,PROSTATE,,,,,,,,
Client 28,4,0.0,0.0,0.28,0.01,,1,70,14,prostate_logreg,non-IID,PROSTATE,,,,,,,,
Client 29,4,0.0,0.0,0.01,0.02,,1,97,14,prostate_logreg,non-IID,PROSTATE,,,,,,,,
Client 30,4,0.0,0.0,0.01,0.01,,1,75,14,prostate_logreg,non-IID,PROSTATE,,,,,,,,
Client 31,4,0.0,0.0,0.01,0.01,,1,120,14,prostate_logreg,non-IID,PROSTATE,,,,,,,,
Client 32,4,0.0,0.0,0.01,0.01,,1,113,14,prostate_logreg,non-IID,PROSTATE,,,,,,,,
Client 33,4,0.0,0.0,0.01,0.01,,1,117,14,prostate_logreg,non-IID,PROSTATE,,,,,,,,
Client 34,4,0.0,0.0,0.01,0.01,,1,119,14,prostate_logreg,non-IID,PROSTATE,,,,,,,,
Client 35,4,0.0,0.0,0.01,0.01,,1,76,14,prostate_logreg,non-IID,PROSTATE,,,,,,,,
Client 36,4,0.0,0.0,0.01,0.01,,1,80,14,prostate_logreg,non-IID,PROSTATE,,,,,,,,
Client 37,4,0.0,0.0,0.01,0.01,,1,81,14,prostate_logreg,non-IID,PROSTATE,,,,,,,,
Client 38,4,0.0,0.0,0.01,0.01,,1,111,14,prostate_logreg,non-IID,PROSTATE,,,,,,,,
Client 39,4,0.0,0.0,0.01,0.01,,1,120,14,prostate_logreg,non-IID,PROSTATE,,,,,,,,
Client 40,4,0.0,0.0,0.01,0.02,0.33,1,94,14,prostate_logreg,non-IID,PROSTATE,0.62,0.6292,0.5865,0.3708,0.66,0.5556,0.5782,0.4444
Client 1,5,0.0,0.0,0.01,0.02,,2,118,14,prostate_logreg,non-IID,PROSTATE,,,,,,,,
Client 2,5,0.0,0.0,0.01,0.01,,2,88,14,prostate_logreg,non-IID,PROSTATE,,,,,,,,
Client 3,5,0.0,0.0,0.01,0.02,,2,111,14,prostate_logreg,non-IID,PROSTATE,,,,,,,,
Client 4,5,0.0,0.0,0.01,0.02,,2,104,14,prostate_logreg,non-IID,PROSTATE,,,,,,,,
Client 5,5,0.0,0.0,0.01,0.02,,2,93,14,prostate_logreg,non-IID,PROSTATE,,,,,,,,
Client 6,5,0.0,0.0,0.01,0.02,,2,97,14,prostate_logreg,non-IID,PROSTATE,,,,,,,,
Client 7,5,0.0,0.0,0.01,0.02,,2,104,14,prostate_logreg,non-IID,PROSTATE,,,,,,,,
Client 8,5,0.0,0.0,0.01,0.03,,2,94,14,prostate_logreg,non-IID,PROSTATE,,,,,,,,
Client 9,5,0.0,0.0,0.01,0.03,,2,97,14,prostate_logreg,non-IID,PROSTATE,,,,,,,,
Client 10,5,0.0,0.0,0.01,0.02,,2,97,14,prostate_logreg,non-IID,PROSTATE,,,,,,,,
Client 11,5,0.0,0.0,0.01,0.02,,2,83,14,prostate_logreg,non-IID,PROSTATE,,,,,,,,
Client 12,5,0.0,0.0,0.01,0.01,,2,127,14,prostate_logreg,non-IID,PROSTATE,,,,,,,,
Client 13,5,0.0,0.0,0.01,0.01,,2,108,14,prostate_logreg,non-IID,PROSTATE,,,,,,,,
Client 14,5,0.0,0.0,0.01,0.02,,2,109,14,prostate_logreg,non-IID,PROSTATE,,,,,,,,
Client 15,5,0.0,0.0,0.01,0.01,,2,109,14,prostate_logreg,non-IID,PROSTATE,,,,,,,,
Client 16,5,0.0,0.0,0.01,0.01,,2,131,14,prostate_logreg,non-IID,PROSTATE,,,,,,,,
Client 17,5,0.0,0.0,0.01,0.01,,2,83,14,prostate_logreg,non-IID,PROSTATE,,,,,,,,
Client 18,5,0.0,0.0,0.01,0.01,,2,77,14,prostate_logreg,non-IID,PROSTATE,,,,,,,,
Client 19,5,0.0,0.0,0.01,0.02,,2,104,14,prostate_logreg,non-IID,PROSTATE,,,,,,,,
Client 20,5,0.0,0.0,0.01,0.02,,2,109,14,prostate_logreg,non-IID,PROSTATE,,,,,,,,
Client 21,5,0.0,0.0,0.01,0.01,,2,85,14,prostate_logreg,non-IID,PROSTATE,,,,,,,,
Client 22,5,0.0,0.0,0.01,0.01,,2,115,14,prostate_logreg,non-IID,PROSTATE,,,,,,,,
Client 23,5,0.0,0.0,0.01,0.01,,2,134,14,prostate_logreg,non-IID,PROSTATE,,,,,,,,
Client 24,5,0.0,0.0,0.01,0.02,,2,101,14,prostate_logreg,non-IID,PROSTATE,,,,,,,,
Client 25,5,0.0,0.0,0.01,0.01,,2,86,14,prostate_logreg,non-IID,PROSTATE,,,,,,,,
Client 26,5,0.0,0.0,0.01,0.02,,1,90,14,prostate_logreg,non-IID,PROSTATE,,,,,,,,
Client 27,5,0.0,0.0,0.01,0.01,,1,86,14,prostate_logreg,non-IID,PROSTATE,,,,,,,,
Client 28,5,0.0,0.0,0.01,0.02,,1,106,14,prostate_logreg,non-IID,PROSTATE,,,,,,,,
Client 29,5,0.0,0.0,0.01,0.01,,1,87,14,prostate_logreg,non-IID,PROSTATE,,,,,,,,
Client 30,5,0.0,0.0,0.01,0.01,,1,74,14,prostate_logreg,non-IID,PROSTATE,,,,,,,,
Client 31,5,0.0,0.0,0.01,0.01,,1,73,14,prostate_logreg,non-IID,PROSTATE,,,,,,,,
Client 32,5,0.0,0.0,0.01,0.01,,1,112,14,prostate_logreg,non-IID,PROSTATE,,,,,,,,
Client 33,5,0.0,0.0,0.01,0.02,,1,114,14,prostate_logreg,non-IID,PROSTATE,,,,,,,,
Client 34,5,0.0,0.0,0.01,0.02,,1,101,14,prostate_logreg,non-IID,PROSTATE,,,,,,,,
Client 35,5,0.0,0.0,0.01,0.02,,1,101,14,prostate_logreg,non-IID,PROSTATE,,,,,,,,
Client 36,5,0.0,0.0,0.01,0.01,,1,90,14,prostate_logreg,non-IID,PROSTATE,,,,,,,,
Client 37,5,0.0,0.0,0.01,0.02,,1,97,14,prostate_logreg,non-IID,PROSTATE,,,,,,,,
Client 38,5,0.0,0.0,0.01,0.02,,1,94,14,prostate_logreg,non-IID,PROSTATE,,,,,,,,
Client 39,5,0.0,0.0,0.01,0.02,,1,106,14,prostate_logreg,non-IID,PROSTATE,,,,,,,,
Client 40,5,0.0,0.0,0.01,0.01,0.07,1,112,14,prostate_logreg,non-IID,PROSTATE,0.6,0.6377,0.5984,0.3623,0.64,0.5608,0.5839,0.4392
Client 1,6,0.0,0.0,0.01,0.01,,2,129,14,prostate_logreg,non-IID,PROSTATE,,,,,,,,
Client 2,6,0.0,0.0,0.01,0.01,,2,77,14,prostate_logreg,non-IID,PROSTATE,,,,,,,,
Client 3,6,0.0,0.0,0.01,0.01,,2,100,14,prostate_logreg,non-IID,PROSTATE,,,,,,,,
Client 4,6,0.0,0.0,0.01,0.01,,2,88,14,prostate_logreg,non-IID,PROSTATE,,,,,,,,
Client 5,6,0.0,0.0,0.01,0.02,,2,104,14,prostate_logreg,non-IID,PROSTATE,,,,,,,,
Client 6,6,0.0,0.0,0.01,0.01,,2,115,14,prostate_logreg,non-IID,PROSTATE,,,,,,,,
Client 7,6,0.0,0.0,0.01,0.01,,2,68,14,prostate_logreg,non-IID,PROSTATE,,,,,,,,
Client 8,6,0.0,0.0,0.01,0.01,,2,80,14,prostate_logreg,non-IID,PROSTATE,,,,,,,,
Client 9,6,0.0,0.0,0.01,0.01,,2,79,14,prostate_logreg,non-IID,PROSTATE,,,,,,,,
Client 10,6,0.0,0.0,0.01,0.02,,2,125,14,prostate_logreg,non-IID,PROSTATE,,,,,,,,
Client 11,6,0.0,0.0,0.01,0.01,,2,108,14,prostate_logreg,non-IID,PROSTATE,,,,,,,,
Client 12,6,0.0,0.0,0.01,0.01,,2,127,14,prostate_logreg,non-IID,PROSTATE,,,,,,,,
Client 13,6,0.0,0.0,0.01,0.01,,2,105,14,prostate_logreg,non-IID,PROSTATE,,,,,,,,
Client 14,6,0.0,0.0,0.01,0.01,,2,74,14,prostate_logreg,non-IID,PROSTATE,,,,,,,,
Client 15,6,0.0,0.0,0.01,0.01,,2,122,14,prostate_logreg,non-IID,PROSTATE,,,,,,,,
Client 16,6,0.0,0.0,0.01,0.01,,2,118,14,prostate_logreg,non-IID,PROSTATE,,,,,,,,
Client 17,6,0.0,0.0,0.01,0.01,,2,125,14,prostate_logreg,non-IID,PROSTATE,,,,,,,,
Client 18,6,0.0,0.0,0.01,0.02,,2,101,14,prostate_logreg,non-IID,PROSTATE,,,,,,,,
Client 19,6,0.0,0.0,0.01,0.01,,2,76,14,prostate_logreg,non-IID,PROSTATE,,,,,,,,
Client 20,6,0.0,0.0,0.01,0.01,,2,111,14,prostate_logreg,non-IID,PROSTATE,,,,,,,,
Client 21,6,0.0,0.0,0.01,0.01,,2,88,14,prostate_logreg,non-IID,PROSTATE,,,,,,,,
Client 22,6,0.0,0.0,0.01,0.02,,2,99,14,prostate_logreg,non-IID,PROSTATE,,,,,,,,
Client 23,6,0.0,0.0,0.01,0.01,,2,90,14,prostate_logreg,non-IID,PROSTATE,,,,,,,,
Client 24,6,0.0,0.0,0.01,0.01,,2,84,14,prostate_logreg,non-IID,PROSTATE,,,,,,,,
Client 25,6,0.0,0.0,0.01,0.01,0.08,2,135,14,prostate_logreg,non-IID,PROSTATE,0.59,0.6724,0.6438,0.3276,0.62,0.5817,0.6069,0.4183
Client 1,7,0.0,0.0,0.01,0.02,,2,108,14,prostate_logreg,non-IID,PROSTATE,,,,,,,,
Client 2,7,0.0,0.0,0.01,0.02,,2,101,14,prostate_logreg,non-IID,PROSTATE,,,,,,,,
Client 3,7,0.0,0.0,0.01,0.01,,2,117,14,prostate_logreg,non-IID,PROSTATE,,,,,,,,
Client 4,7,0.0,0.0,0.01,0.01,,2,115,14,prostate_logreg,non-IID,PROSTATE,,,,,,,,
Client 5,7,0.0,0.0,0.01,0.01,,2,85,14,prostate_logreg,non-IID,PROSTATE,,,,,,,,
Client 6,7,0.0,0.0,0.01,0.01,,2,122,14,prostate_logreg,non-IID,PROSTATE,,,,,,,,
Client 7,7,0.0,0.0,0.01,0.01,,2,100,14,prostate_logreg,non-IID,PROSTATE,,,,,,,,
Client 8,7,0.0,0.0,0.01,0.01,,2,124,14,prostate_logreg,non-IID,PROSTATE,,,,,,,,
Client 9,7,0.0,0.0,0.01,0.01,,2,84,14,prostate_logreg,non-IID,PROSTATE,,,,,,,,
Client 10,7,0.0,0.0,0.01,0.01,,2,113,14,prostate_logreg,non-IID,PROSTATE,,,,,,,,
Client 11,7,0.0,0.0,0.01,0.02,,2,90,14,prostate_logreg,non-IID,PROSTATE,,,,,,,,
Client 12,7,0.0,0.0,0.01,0.01,,2,104,14,prostate_logreg,non-IID,PROSTATE,,,,,,,,
Client 13,7,0.0,0.0,0.01,0.02,,2,97,14,prostate_logreg,non-IID,PROSTATE,,,,,,,,
Client 14,7,0.0,0.0,0.01,0.01,,2,90,14,prostate_logreg,non-IID,PROSTATE,,,,,,,,
Client 15,7,0.0,0.0,0.01,0.01,,2,89,14,prostate_logreg,non-IID,PROSTATE,,,,,,,,
Client 16,7,0.0,0.0,0.01,0.01,,2,83,14,prostate_logreg,non-IID,PROSTATE,,,,,,,,
Client 17,7,0.0,0.0,0.01,0.01,,2,125,14,prostate_logreg,non-IID,PROSTATE,,,,,,,,
Client 18,7,0.0,0.0,0.01,0.01,,2,128,14,prostate_logreg,non-IID,PROSTATE,,,,,,,,
Client 19,7,0.0,0.0,0.01,0.01,,2,81,14,prostate_logreg,non-IID,PROSTATE,,,,,,,,
Client 20,7,0.0,0.0,0.01,0.02,,2,101,14,prostate_logreg,non-IID,PROSTATE,,,,,,,,
Client 21,7,0.0,0.0,0.01,0.01,,2,81,14,prostate_logreg,non-IID,PROSTATE,,,,,,,,
Client 22,7,0.0,0.0,0.01,0.01,,2,77,14,prostate_logreg,non-IID,PROSTATE,,,,,,,,
Client 23,7,0.0,0.0,0.01,0.01,,2,94,14,prostate_logreg,non-IID,PROSTATE,,,,,,,,
Client 24,7,0.0,0.0,0.01,0.01,,2,108,14,prostate_logreg,non-IID,PROSTATE,,,,,,,,
Client 25,7,0.0,0.0,0.01,0.01,0.08,2,90,14,prostate_logreg,non-IID,PROSTATE,0.58,0.7067,0.6882,0.2933,0.61,0.631,0.6599,0.369
Client 1,8,0.0,0.0,0.0,0.01,,2,117,14,prostate_logreg,non-IID,PROSTATE,,,,,,,,
Client 2,8,0.0,0.0,0.0,0.01,,2,67,14,prostate_logreg,non-IID,PROSTATE,,,,,,,,
Client 3,8,0.0,0.0,0.0,0.01,,2,123,14,prostate_logreg,non-IID,PROSTATE,,,,,,,,
Client 4,8,0.0,0.0,0.0,0.01,,2,137,14,prostate_logreg,non-IID,PROSTATE,,,,,,,,
Client 5,8,0.0,0.0,0.0,0.01,,2,66,14,prostate_logreg,non-IID,PROSTATE,,,,,,,,
Client 6,8,0.0,0.0,0.0,0.01,,2,53,14,prostate_logreg,non-IID,PROSTATE,,,,,,,,
Client 7,8,0.0,0.0,0.0,0.01,,2,67,14,prostate_logreg,non-IID,PROSTATE,,,,,,,,
Client 8,8,0.0,0.0,0.0,0.02,,2,102,14,prostate_logreg,non-IID,PROSTATE,,,,,,,,
Client 9,8,0.0,0.0,0.0,0.02,,2,105,14,prostate_logreg,non-IID,PROSTATE,,,,,,,,
Client 10,8,0.0,0.0,0.0,0.02,,2,115,14,prostate_logreg,non-IID,PROSTATE,,,,,,,,
Client 11,8,0.0,0.0,0.0,0.01,,2,61,14,prostate_logreg,non-IID,PROSTATE,,,,,,,,
Client 12,8,0.0,0.0,0.0,0.01,,2,62,14,prostate_logreg,non-IID,PROSTATE,,,,,,,,
Client 13,8,0.0,0.0,0.0,0.01,,2,124,14,prostate_logreg,non-IID,PROSTATE,,,,,,,,
Client 14,8,0.0,0.0,0.0,0.01,,2,108,14,prostate_logreg,non-IID,PROSTATE,,,,,,,,
Client 15,8,0.0,0.0,0.0,0.02,,2,103,14,prostate_logreg,non-IID,PROSTATE,,,,,,,,
Client 16,8,0.0,0.0,0.0,0.02,,2,52,14,prostate_logreg,non-IID,PROSTATE,,,,,,,,
Client 17,8,0.0,0.0,0.0,0.01,,2,127,14,prostate_logreg,non-IID,PROSTATE,,,,,,,,
Client 18,8,0.0,0.0,0.0,0.01,,2,120,14,prostate_logreg,non-IID,PROSTATE,,,,,,,,
Client 19,8,0.0,0.0,0.0,0.01,,2,121,14,prostate_logreg,non-IID,PROSTATE,,,,,,,,
Client 20,8,0.0,0.0,0.0,0.02,,2,112,14,prostate_logreg,non-IID,PROSTATE,,,,,,,,
Client 21,8,0.0,0.0,0.0,0.01,,2,67,14,prostate_logreg,non-IID,PROSTATE,,,,,,,,
Client 22,8,0.0,0.0,0.0,0.01,,2,122,14,prostate_logreg,non-IID,PROSTATE,,,,,,,,
Client 23,8,0.0,0.0,0.0,0.01,,2,69,14,prostate_logreg,non-IID,PROSTATE,,,,,,,,
Client 24,8,0.0,0.0,0.0,0.01,,2,70,14,prostate_logreg,non-IID,PROSTATE,,,,,,,,
Client 25,8,0.0,0.0,0.0,0.01,0.07,2,128,14,prostate_logreg,non-IID,PROSTATE,0.57,0.7276,0.7152,0.2724,0.6,0.6669,0.6968,0.3331
Client 1,9,0.0,0.0,0.01,0.01,,2,84,14,prostate_logreg,non-IID,PROSTATE,,,,,,,,
Client 2,9,0.0,0.0,0.01,0.01,,2,140,14,prostate_logreg,non-IID,PROSTATE,,,,,,,,
Client 3,9,0.0,0.0,0.01,0.01,,2,81,14,prostate_logreg,non-IID,PROSTATE,,,,,,,,
Client 4,9,0.0,0.0,0.01,0.01,,2,96,14,prostate_logreg,non-IID,PROSTATE,,,,,,,,
Client 5,9,0.0,0.0,0.01,0.01,,2,120,14,prostate_logreg,non-IID,PROSTATE,,,,,,,,
Client 6,9,0.0,0.0,0.01,0.01,,2,82,14,prostate_logreg,non-IID,PROSTATE,,,,,,,,
Client 7,9,0.0,0.0,0.01,0.01,,2,83,14,prostate_logreg,non-IID,PROSTATE,,,,,,,,
Client 8,9,0.0,0.0,0.01,0.02,,2,78,14,prostate_logreg,non-IID,PROSTATE,,,,,,,,
Client 9,9,0.0,0.0,0.01,0.01,,2,120,14,prostate_logreg,non-IID,PROSTATE,,,,,,,,
Client 10,9,0.0,0.0,0.01,0.01,,2,102,14,prostate_logreg,non-IID,PROSTATE,,,,,,,,
Client 11,9,0.0,0.0,0.01,0.01,,2,89,14,prostate_logreg,non-IID,PROSTATE,,,,,,,,
Client 12,9,0.0,0.0,0.01,0.01,,2,115,14,prostate_logreg,non-IID,PROSTATE,,,,,,,,
Client 13,9,0.0,0.0,0.01,0.01,,2,112,14,prostate_logreg,non-IID,PROSTATE,,,,,,,,
Client 14,9,0.0,0.0,0.01,0.01,,2,90,14,prostate_logreg,non-IID,PROSTATE,,,,,,,,
Client 15,9,0.0,0.0,0.01,0.01,,2,126,14,prostate_logreg,non-IID,PROSTATE,,,,,,,,
Client 16,9,0.0,0.0,0.01,0.01,,2,95,14,prostate_logreg,non-IID,PROSTATE,,,,,,,,
Client 17,9,0.0,0.0,0.01,0.01,,2,82,14,prostate_logreg,non-IID,PROSTATE,,,,,,,,
Client 18,9,0.0,0.0,0.01,0.02,,2,104,14,prostate_logreg,non-IID,PROSTATE,,,,,,,,
Client 19,9,0.0,0.0,0.01,0.01,,2,84,14,prostate_logreg,non-IID,PROSTATE,,,,,,,,
Client 20,9,0.0,0.0,0.01,0.01,,2,129,14,prostate_logreg,non-IID,PROSTATE,,,,,,,,
Client 21,9,0.0,0.0,0.01,0.01,,2,86,14,prostate_logreg,non-IID,PROSTATE,,,,,,,,
Client 22,9,0.0,0.0,0.01,0.01,,2,108,14,prostate_logreg,non-IID,PROSTATE,,,,,,,,
Client 23,9,0.0,0.0,0.01,0.01,,2,103,14,prostate_logreg,non-IID,PROSTATE,,,,,,,,
Client 24,9,0.0,0.0,0.01,0.01,,2,104,14,prostate_logreg,non-IID,PROSTATE,,,,,,,,
Client 25,9,0.0,0.0,0.01,0.01,0.08,2,86,14,prostate_logreg,non-IID,PROSTATE,0.56,0.7413,0.7321,0.2587,0.6,0.687,0.7167,0.313
Client 1,10,0.0,0.0,0.01,0.02,,2,102,14,prostate_logreg,non-IID,PROSTATE,,,,,,,,
Client 2,10,0.0,0.0,0.01,0.02,,2,105,14,prostate_logreg,non-IID,PROSTATE,,,,,,,,
Client 3,10,0.0,0.0,0.01,0.01,,2,118,14,prostate_logreg,non-IID,PROSTATE,,,,,,,,
Client 4,10,0.0,0.0,0.01,0.02,,2,119,14,prostate_logreg,non-IID,PROSTATE,,,,,,,,
Client 5,10,0.0,0.0,0.01,0.01,,2,84,14,prostate_logreg,non-IID,PROSTATE,,,,,,,,
Client 6,10,0.0,0.0,0.01,0.01,,2,98,14,prostate_logreg,non-IID,PROSTATE,,,,,,,,
Client 7,10,0.0,0.0,0.01,0.01,,2,82,14,prostate_logreg,non-IID,PROSTATE,,,,,,,,
Client 8,10,0.0,0.0,0.01,0.01,,2,109,14,prostate_logreg,non-IID,PROSTATE,,,,,,,,
Client 9,10,0.0,0.0,0.01,0.01,,2,125,14,prostate_logreg,non-IID,PROSTATE,,,,,,,,
Client 10,10,0.0,0.0,0.01,0.02,,2,95,14,prostate_logreg,non-IID,PROSTATE,,,,,,,,
Client 11,10,0.0,0.0,0.01,0.01,,2,78,14,prostate_logreg,non-IID,PROSTATE,,,,,,,,
Client 12,10,0.0,0.0,0.01,0.01,,2,90,14,prostate_logreg,non-IID,PROSTATE,,,,,,,,
Client 13,10,0.0,0.0,0.01,0.02,,2,104,14,prostate_logreg,non-IID,PROSTATE,,,,,,,,
Client 14,10,0.0,0.0,0.01,0.01,,2,92,14,prostate_logreg,non-IID,PROSTATE,,,,,,,,
Client 15,10,0.0,0.0,0.01,0.03,,2,102,14,prostate_logreg,non-IID,PROSTATE,,,,,,,,
Client 16,10,0.0,0.0,0.01,0.02,,2,122,14,prostate_logreg,non-IID,PROSTATE,,,,,,,,
Client 17,10,0.0,0.0,0.01,0.02,,2,99,14,prostate_logreg,non-IID,PROSTATE,,,,,,,,
Client 18,10,0.0,0.0,0.01,0.01,,2,70,14,prostate_logreg,non-IID,PROSTATE,,,,,,,,
Client 19,10,0.0,0.0,0.01,0.01,,2,110,14,prostate_logreg,non-IID,PROSTATE,,,,,,,,
Client 20,10,0.0,0.0,0.01,0.02,,2,112,14,prostate_logreg,non-IID,PROSTATE,,,,,,,,
Client 21,10,0.0,0.0,0.01,0.02,,2,99,14,prostate_logreg,non-IID,PROSTATE,,,,,,,,
Client 22,10,0.0,0.0,0.01,0.02,,2,104,14,prostate_logreg,non-IID,PROSTATE,,,,,,,,
Client 23,10,0.0,0.0,0.01,0.01,,2,105,14,prostate_logreg,non-IID,PROSTATE,,,,,,,,
Client 24,10,0.0,0.0,0.01,0.02,,2,99,14,prostate_logreg,non-IID,PROSTATE,,,,,,,,
Client 25,10,0.0,0.0,0.01,0.02,0.10,2,91,14,prostate_logreg,non-IID,PROSTATE,0.55,0.7525,0.7454,0.2475,0.59,0.6981,0.7273,0.3019
Client 1,11,0.0,0.0,0.01,0.01,,2,116,14,prostate_logreg,non-IID,PROSTATE,,,,,,,,
Client 2,11,0.0,0.0,0.01,0.02,,2,87,14,prostate_logreg,non-IID,PROSTATE,,,,,,,,
Client 3,11,0.0,0.0,0.01,0.01,,2,116,14,prostate_logreg,non-IID,PROSTATE,,,,,,,,
Client 4,11,0.0,0.0,0.01,0.01,,2,122,14,prostate_logreg,non-IID,PROSTATE,,,,,,,,
Client 5,11,0.0,0.0,0.01,0.01,,2,108,14,prostate_logreg,non-IID,PROSTATE,,,,,,,,
Client 6,11,0.0,0.0,0.01,0.01,,2,115,14,prostate_logreg,non-IID,PROSTATE,,,,,,,,
Client 7,11,0.0,0.0,0.01,0.01,,2,78,14,prostate_logreg,non-IID,PROSTATE,,,,,,,,
Client 8,11,0.0,0.0,0.01,0.01,,2,77,14,prostate_logreg,non-IID,PROSTATE,,,,,,,,
Client 9,11,0.0,0.0,0.01,0.02,,2,99,14,prostate_logreg,non-IID,PROSTATE,,,,,,,,
Client 10,11,0.0,0.0,0.01,0.01,,2,80,14,prostate_logreg,non-IID,PROSTATE,,,,,,,,
Client 11,11,0.0,0.0,0.01,0.01,,2,124,14,prostate_logreg,non-IID,PROSTATE,,,,,,,,
Client 12,11,0.0,0.0,0.01,0.01,,2,76,14,prostate_logreg,non-IID,PROSTATE,,,,,,,,
Client 13,11,0.0,0.0,0.01,0.01,,2,80,14,prostate_logreg,non-IID,PROSTATE,,,,,,,,
Client 14,11,0.0,0.0,0.01,0.01,,2,76,14,prostate_logreg,non-IID,PROSTATE,,,,,,,,
Client 15,11,0.0,0.0,0.01,0.01,,2,130,14,prostate_logreg,non-IID,PROSTATE,,,,,,,,
Client 16,11,0.0,0.0,0.01,0.01,,2,122,14,prostate_logreg,non-IID,PROSTATE,,,,,,,,
Client 17,11,0.0,0.0,0.01,0.01,,2,107,14,prostate_logreg,non-IID,PROSTATE,,,,,,,,
Client 18,11,0.0,0.0,0.01,0.01,,2,111,14,prostate_logreg,non-IID,PROSTATE,,,,,,,,
Client 19,11,0.0,0.0,0.01,0.01,,2,83,14,prostate_logreg,non-IID,PROSTATE,,,,,,,,
Client 20,11,0.0,0.0,0.01,0.01,,2,123,14,prostate_logreg,non-IID,PROSTATE,,,,,,,,
Client 21,11,0.0,0.0,0.01,0.01,,2,96,14,prostate_logreg,non-IID,PROSTATE,,,,,,,,
Client 22,11,0.0,0.0,0.01,0.01,,2,75,14,prostate_logreg,non-IID,PROSTATE,,,,,,,,
Client 23,11,0.0,0.0,0.01,0.01,,2,139,14,prostate_logreg,non-IID,PROSTATE,,,,,,,,
Client 24,11,0.0,0.0,0.01,0.01,,2,120,14,prostate_logreg,non-IID,PROSTATE,,,,,,,,
Client 25,11,0.0,0.0,0.01,0.01,0.08,2,107,14,prostate_logreg,non-IID,PROSTATE,0.54,0.7576,0.7516,0.2424,0.58,0.7075,0.7362,0.2925
Client 1,12,0.0,0.0,0.01,0.01,,2,119,14,prostate_logreg,non-IID,PROSTATE,,,,,,,,
Client 2,12,0.0,0.0,0.01,0.01,,2,120,14,prostate_logreg,non-IID,PROSTATE,,,,,,,,
Client 3,12,0.0,0.0,0.01,0.01,,2,86,14,prostate_logreg,non-IID,PROSTATE,,,,,,,,
Client 4,12,0.0,0.0,0.01,0.01,,2,91,14,prostate_logreg,non-IID,PROSTATE,,,,,,,,
Client 5,12,0.0,0.0,0.01,0.01,,2,103,14,prostate_logreg,non-IID,PROSTATE,,,,,,,,
Client 6,12,0.0,0.0,0.01,0.02,,2,97,14,prostate_logreg,non-IID,PROSTATE,,,,,,,,
Client 7,12,0.0,0.0,0.01,0.01,,2,83,14,prostate_logreg,non-IID,PROSTATE,,,,,,,,
Client 8,12,0.0,0.0,0.01,0.02,,2,100,14,prostate_logreg,non-IID,PROSTATE,,,,,,,,
Client 9,12,0.0,0.0,0.01,0.01,,2,113,14,prostate_logreg,non-IID,PROSTATE,,,,,,,,
Client 10,12,0.0,0.0,0.01,0.02,,2,92,14,prostate_logreg,non-IID,PROSTATE,,,,,,,,
Client 11,12,0.0,0.0,0.01,0.01,,2,106,14,prostate_logreg,non-IID,PROSTATE,,,,,,,,
Client 12,12,0.0,0.0,0.01,0.02,,2,96,14,prostate_logreg,non-IID,PROSTATE,,,,,,,,
Client 13,12,0.0,0.0,0.01,0.01,,2,104,14,prostate_logreg,non-IID,PROSTATE,,,,,,,,
Client 14,12,0.0,0.0,0.01,0.01,,2,131,14,prostate_logreg,non-IID,PROSTATE,,,,,,,,
Client 15,12,0.0,0.0,0.01,0.01,,2,104,14,prostate_logreg,non-IID,PROSTATE,,,,,,,,
Client 16,12,0.0,0.0,0.01,0.01,,2,93,14,prostate_logreg,non-IID,PROSTATE,,,,,,,,
Client 17,12,0.0,0.0,0.01,0.01,,2,105,14,prostate_logreg,non-IID,PROSTATE,,,,,,,,
Client 18,12,0.0,0.0,0.01,0.01,,2,112,14,prostate_logreg,non-IID,PROSTATE,,,,,,,,
Client 19,12,0.0,0.0,0.01,0.01,,2,87,14,prostate_logreg,non-IID,PROSTATE,,,,,,,,
Client 20,12,0.0,0.0,0.01,0.01,,2,112,14,prostate_logreg,non-IID,PROSTATE,,,,,,,,
Client 21,12,0.0,0.0,0.01,0.01,,2,102,14,prostate_logreg,non-IID,PROSTATE,,,,,,,,
Client 22,12,0.0,0.0,0.01,0.01,,2,88,14,prostate_logreg,non-IID,PROSTATE,,,,,,,,
Client 23,12,0.0,0.0,0.01,0.01,,2,88,14,prostate_logreg,non-IID,PROSTATE,,,,,,,,
Client 24,12,0.0,0.0,0.01,0.01,,2,91,14,prostate_logreg,non-IID,PROSTATE,,,,,,,,
Client 25,12,0.0,0.0,0.01,0.02,0.08,2,100,14,prostate_logreg,non-IID,PROSTATE,0.54,0.763,0.758,0.237,0.58,0.713,0.7412,0.287
Client 1,13,0.0,0.0,0.01,0.03,,2,105,14,prostate_logreg,non-IID,PROSTATE,,,,,,,,
Client 2,13,0.0,0.0,0.01,0.02,,2,129,14,prostate_logreg,non-IID,PROSTATE,,,,,,,,
Client 3,13,0.0,0.0,0.01,0.01,,2,77,14,prostate_logreg,non-IID,PROSTATE,,,,,,,,
Client 4,13,0.0,0.0,0.01,0.01,,2,80,14,prostate_logreg,non-IID,PROSTATE,,,,,,,,
Client 5,13,0.0,0.0,0.01,0.03,,2,100,14,prostate_logreg,non-IID,PROSTATE,,,,,,,,
Client 6,13,0.0,0.0,0.02,0.02,,2,101,14,prostate_logreg,non-IID,PROSTATE,,,,,,,,
Client 7,13,0.0,0.0,0.01,0.03,,2,95,14,prostate_logreg,non-IID,PROSTATE,,,,,,,,
Client 8,13,0.0,0.0,0.02,0.03,,2,103,14,prostate_logreg,non-IID,PROSTATE,,,,,,,,
Client 9,13,0.0,0.0,0.01,0.02,,2,94,14,prostate_logreg,non-IID,PROSTATE,,,,,,,,
Client 10,13,0.0,0.0,0.01,0.01,,2,115,14,prostate_logreg,non-IID,PROSTATE,,,,,,,,
Client 11,13,0.0,0.0,0.01,0.02,,2,95,14,prostate_logreg,non-IID,PROSTATE,,,,,,,,
Client 12,13,0.0,0.0,0.02,0.03,,2,104,14,prostate_logreg,non-IID,PROSTATE,,,,,,,,
Client 13,13,0.0,0.0,0.01,0.03,,2,118,14,prostate_logreg,non-IID,PROSTATE,,,,,,,,
Client 14,13,0.0,0.0,0.01,0.01,,2,104,14,prostate_logreg,non-IID,PROSTATE,,,,,,,,
Client 15,13,0.0,0.0,0.01,0.01,,2,87,14,prostate_logreg,non-IID,PROSTATE,,,,,,,,
Client 16,13,0.0,0.0,0.01,0.03,,2,106,14,prostate_logreg,non-IID,PROSTATE,,,,,,,,
Client 17,13,0.0,0.0,0.01,0.01,,2,117,14,prostate_logreg,non-IID,PROSTATE,,,,,,,,
Client 18,13,0.0,0.0,0.01,0.02,,2,84,14,prostate_logreg,non-IID,PROSTATE,,,,,,,,
Client 19,13,0.0,0.0,0.01,0.01,,2,116,14,prostate_logreg,non-IID,PROSTATE,,,,,,,,
Client 20,13,0.0,0.0,0.01,0.01,,2,79,14,prostate_logreg,non-IID,PROSTATE,,,,,,,,
Client 21,13,0.0,0.0,0.01,0.02,,2,108,14,prostate_logreg,non-IID,PROSTATE,,,,,,,,
Client 22,13,0.0,0.0,0.02,0.02,,2,97,14,prostate_logreg,non-IID,PROSTATE,,,,,,,,
Client 23,13,0.0,0.0,0.01,0.03,,2,105,14,prostate_logreg,non-IID,PROSTATE,,,,,,,,
Client 24,13,0.0,0.0,0.01,0.01,,2,124,14,prostate_logreg,non-IID,PROSTATE,,,,,,,,
Client 25,13,0.0,0.0,0.02,0.02,,2,93,14,prostate_logreg,non-IID,PROSTATE,,,,,,,,
Client 26,13,0.0,0.0,0.01,0.02,,1,122,14,prostate_logreg,non-IID,PROSTATE,,,,,,,,
Client 27,13,0.0,0.0,0.01,0.03,,1,111,14,prostate_logreg,non-IID,PROSTATE,,,,,,,,
Client 28,13,0.0,0.0,0.01,0.01,,1,125,14,prostate_logreg,non-IID,PROSTATE,,,,,,,,
Client 29,13,0.0,0.0,0.01,0.02,,1,94,14,prostate_logreg,non-IID,PROSTATE,,,,,,,,
Client 30,13,0.0,0.0,0.01,0.02,,1,104,14,prostate_logreg,non-IID,PROSTATE,,,,,,,,
Client 31,13,0.0,0.0,0.01,0.02,,1,100,14,prostate_logreg,non-IID,PROSTATE,,,,,,,,
Client 32,13,0.0,0.0,0.02,0.07,,1,51,14,prostate_logreg,non-IID,PROSTATE,,,,,,,,
Client 33,13,0.0,0.0,0.01,0.02,,1,122,14,prostate_logreg,non-IID,PROSTATE,,,,,,,,
Client 34,13,0.0,0.0,0.01,0.01,,1,73,14,prostate_logreg,non-IID,PROSTATE,,,,,,,,
Client 35,13,0.0,0.0,0.01,0.01,,1,73,14,prostate_logreg,non-IID,PROSTATE,,,,,,,,
Client 36,13,0.0,0.0,0.02,0.03,,1,99,14,prostate_logreg,non-IID,PROSTATE,,,,,,,,
Client 37,13,0.0,0.0,0.02,0.03,,1,93,14,prostate_logreg,non-IID,PROSTATE,,,,,,,,
Client 38,13,0.0,0.0,0.01,0.02,,1,86,14,prostate_logreg,non-IID,PROSTATE,,,,,,,,
Client 39,13,0.0,0.0,0.01,0.02,,1,97,14,prostate_logreg,non-IID,PROSTATE,,,,,,,,
Client 40,13,0.0,0.0,0.01,0.01,0.14,1,114,14,prostate_logreg,non-IID,PROSTATE,0.54,0.7636,0.7591,0.2364,0.57,0.7166,0.7443,0.2834
