Client ID,FL Round,Training Time,JSD,HDH Time,Communication Time,Total Time of FL Round,# of CPU,CPU Usage (%),RAM Usage (%),Model Type,Data Distr. Type,Dataset,Train Loss,Train Accuracy,Train F1,Train MAE,Val Loss,Val Accuracy,Val F1,Val MAE
Client 1,1,0.0,0.02,0.0,0.01,,2,100,14,prostate_logreg,non-IID,PROSTATE,,,,,,,,
Client 2,1,0.0,0.31,0.0,0.01,,2,100,14,prostate_logreg,non-IID,PROSTATE,,,,,,,,
Client 3,1,0.0,0.0,0.0,0.01,,2,100,14,prostate_logreg,non-IID,PROSTATE,,,,,,,,
Client 4,1,0.0,0.31,0.0,0.01,,2,102,14,prostate_logreg,non-IID,PROSTATE,,,,,,,,
Client 5,1,0.0,0.31,0.0,0.02,,2,100,14,prostate_logreg,non-IID,PROSTATE,,,,,,,,
Client 6,1,0.0,0.04,0.0,0.01,,2,99,14,prostate_logreg,non-IID,PROSTATE,,,,,,,,
Client 7,1,0.0,0.31,0.0,0.02,,2,100,14,prostate_logreg,non-IID,PROSTATE,,,,,,,,
Client 8,1,0.0,0.31,0.0,0.02,,2,102,14,prostate_logreg,non-IID,PROSTATE,,,,,,,,
Client 9,1,0.0,0.31,0.0,0.02,,2,101,14,prostate_logreg,non-IID,PROSTATE,,,,,,,,
Client 10,1,0.0,0.31,0.0,0.02,,2,102,14,prostate_logreg,non-IID,PROSTATE,,,,,,,,
Client 11,1,0.0,0.31,0.0,0.01,,2,101,14,prostate_logreg,non-IID,PROSTATE,,,,,,,,
Client 12,1,0.0,0.31,0.0,0.01,,2,102,14,prostate_logreg,non-IID,PROSTATE,,,,,,,,
Client 13,1,0.0,0.11,0.0,0.02,,2,102,14,prostate_logreg,non-IID,PROSTATE,,,,,,,,
Client 14,1,0.0,0.31,0.0,0.02,,2,102,14,prostate_logreg,non-IID,PROSTATE,,,,,,,,
Client 15,1,0.0,0.31,0.0,0.01,,2,102,14,prostate_logreg,non-IID,PROSTATE,,,,,,,,
Client 16,1,0.0,0.31,0.0,0.01,,2,101,14,prostate_logreg,non-IID,PROSTATE,,,,,,,,
Client 17,1,0.0,0.0,0.0,0.01,,2,98,14,prostate_logreg,non-IID,PROSTATE,,,,,,,,
Client 18,1,0.0,0.31,0.0,0.01,,2,100,14,prostate_logreg,non-IID,PROSTATE,,,,,,,,
Client 19,1,0.0,0.31,0.0,0.02,,2,102,14,prostate_logreg,non-IID,PROSTATE,,,,,,,,
Client 20,1,0.0,0.31,0.0,0.02,,2,101,14,prostate_logreg,non-IID,PROSTATE,,,,,,,,
Client 21,1,0.0,0.31,0.0,0.01,,2,101,14,prostate_logreg,non-IID,PROSTATE,,,,,,,,
Client 22,1,0.0,0.31,0.0,0.01,,2,101,14,prostate_logreg,non-IID,PROSTATE,,,,,,,,
Client 23,1,0.0,0.31,0.0,0.02,,2,100,14,prostate_logreg,non-IID,PROSTATE,,,,,,,,
Client 24,1,0.0,0.31,0.0,0.01,,2,100,14,prostate_logreg,non-IID,PROSTATE,,,,,,,,
Client 25,1,0.0,0.07,0.0,0.02,1.61,2,101,14,prostate_logreg,non-IID,PROSTATE,0.52,0.855,0.7277,0.145,0.7,0.5623,0.5803,0.4377
Client 1,2,0.0,0.02,0.0,0.01,,2,99,14,prostate_logreg,non-IID,PROSTATE,,,,,,,,
Client 2,2,0.0,0.0,0.0,0.01,,2,100,14,prostate_logreg,non-IID,PROSTATE,,,,,,,,
Client 3,2,0.0,0.02,0.0,0.01,,2,100,14,prostate_logreg,non-IID,PROSTATE,,,,,,,,
Client 4,2,0.0,0.02,0.0,0.01,,2,97,14,prostate_logreg,non-IID,PROSTATE,,,,,,,,
Client 5,2,0.0,0.16,0.0,0.01,,2,97,14,prostate_logreg,non-IID,PROSTATE,,,,,,,,
Client 6,2,0.0,0.04,0.0,0.01,,2,102,14,prostate_logreg,non-IID,PROSTATE,,,,,,,,
Client 7,2,0.0,0.31,0.0,0.01,,2,102,14,prostate_logreg,non-IID,PROSTATE,,,,,,,,
Client 8,2,0.0,0.31,0.0,0.01,,2,97,14,prostate_logreg,non-IID,PROSTATE,,,,,,,,
Client 9,2,0.0,0.16,0.0,0.01,,2,100,14,prostate_logreg,non-IID,PROSTATE,,,,,,,,
Client 10,2,0.0,0.31,0.0,0.01,,2,97,14,prostate_logreg,non-IID,PROSTATE,,,,,,,,
Client 11,2,0.0,0.31,0.0,0.01,,2,101,14,prostate_logreg,non-IID,PROSTATE,,,,,,,,
Client 12,2,0.0,0.31,0.17,0.01,,2,102,14,prostate_logreg,non-IID,PROSTATE,,,,,,,,
Client 13,2,0.0,0.07,0.0,0.02,,2,100,14,prostate_logreg,non-IID,PROSTATE,,,,,,,,
Client 14,2,0.0,0.0,0.0,0.01,,2,103,14,prostate_logreg,non-IID,PROSTATE,,,,,,,,
Client 15,2,0.0,0.31,0.0,0.01,,2,98,14,prostate_logreg,non-IID,PROSTATE,,,,,,,,
Client 16,2,0.0,0.07,0.14,0.01,,2,101,14,prostate_logreg,non-IID,PROSTATE,,,,,,,,
Client 17,2,0.0,0.0,0.0,0.01,,2,101,14,prostate_logreg,non-IID,PROSTATE,,,,,,,,
Client 18,2,0.0,0.17,0.0,0.01,,2,101,14,prostate_logreg,non-IID,PROSTATE,,,,,,,,
Client 19,2,0.0,0.31,0.0,0.01,,2,99,14,prostate_logreg,non-IID,PROSTATE,,,,,,,,
Client 20,2,0.0,0.01,0.0,0.01,,2,100,14,prostate_logreg,non-IID,PROSTATE,,,,,,,,
Client 21,2,0.0,0.01,0.0,0.01,,2,101,14,prostate_logreg,non-IID,PROSTATE,,,,,,,,
Client 22,2,0.0,0.31,0.0,0.01,,2,100,14,prostate_logreg,non-IID,PROSTATE,,,,,,,,
Client 23,2,0.0,0.31,0.0,0.01,,2,97,14,prostate_logreg,non-IID,PROSTATE,,,,,,,,
Client 24,2,0.0,0.31,0.0,0.01,,2,96,14,prostate_logreg,non-IID,PROSTATE,,,,,,,,
Client 25,2,0.0,0.0,0.0,0.01,0.59,2,105,14,prostate_logreg,non-IID,PROSTATE,0.55,0.7575,0.6406,0.2425,0.67,0.624,0.6518,0.376
Client 1,3,0.0,0.0,0.18,0.01,,2,100,14,prostate_logreg,non-IID,PROSTATE,,,,,,,,
Client 2,3,0.0,0.17,0.15,0.01,,2,99,14,prostate_logreg,non-IID,PROSTATE,,,,,,,,
Client 3,3,0.0,0.0,0.18,0.02,,2,98,14,prostate_logreg,non-IID,PROSTATE,,,,,,,,
Client 4,3,0.0,0.0,0.16,0.01,,2,101,14,prostate_logreg,non-IID,PROSTATE,,,,,,,,
Client 5,3,0.0,0.0,0.18,0.01,,2,104,14,prostate_logreg,non-IID,PROSTATE,,,,,,,,
Client 6,3,0.0,0.0,0.17,0.01,,2,98,14,prostate_logreg,non-IID,PROSTATE,,,,,,,,
Client 7,3,0.0,0.0,0.18,0.01,,2,100,14,prostate_logreg,non-IID,PROSTATE,,,,,,,,
Client 8,3,0.0,0.31,0.18,0.01,,2,99,14,prostate_logreg,non-IID,PROSTATE,,,,,,,,
Client 9,3,0.0,0.0,0.18,0.01,,2,101,14,prostate_logreg,non-IID,PROSTATE,,,,,,,,
Client 10,3,0.0,0.16,0.14,0.01,,2,97,14,prostate_logreg,non-IID,PROSTATE,,,,,,,,
Client 11,3,0.0,0.31,0.15,0.01,,2,99,14,prostate_logreg,non-IID,PROSTATE,,,,,,,,
Client 12,3,0.0,0.0,0.01,0.01,,2,99,14,prostate_logreg,non-IID,PROSTATE,,,,,,,,
Client 13,3,0.0,0.0,0.18,0.01,,2,105,14,prostate_logreg,non-IID,PROSTATE,,,,,,,,
Client 14,3,0.0,0.19,0.17,0.01,,2,99,14,prostate_logreg,non-IID,PROSTATE,,,,,,,,
Client 15,3,0.0,0.0,0.18,0.01,,2,102,14,prostate_logreg,non-IID,PROSTATE,,,,,,,,
Client 16,3,0.0,0.11,0.0,0.01,,2,96,14,prostate_logreg,non-IID,PROSTATE,,,,,,,,
Client 17,3,0.0,0.0,0.16,0.01,,2,99,14,prostate_logreg,non-IID,PROSTATE,,,,,,,,
Client 18,3,0.0,0.0,0.17,0.01,,2,100,14,prostate_logreg,non-IID,PROSTATE,,,,,,,,
Client 19,3,0.0,0.05,0.0,0.01,,2,95,14,prostate_logreg,non-IID,PROSTATE,,,,,,,,
Client 20,3,0.0,0.0,0.18,0.01,,2,99,14,prostate_logreg,non-IID,PROSTATE,,,,,,,,
Client 21,3,0.0,0.0,0.15,0.01,,2,102,14,prostate_logreg,non-IID,PROSTATE,,,,,,,,
Client 22,3,0.0,0.0,0.17,0.01,,2,99,14,prostate_logreg,non-IID,PROSTATE,,,,,,,,
Client 23,3,0.0,0.31,0.18,0.01,,2,100,14,prostate_logreg,non-IID,PROSTATE,,,,,,,,
Client 24,3,0.0,0.0,0.16,0.01,,2,99,14,prostate_logreg,non-IID,PROSTATE,,,,,,,,
Client 25,3,0.0,0.0,0.16,0.01,,2,101,14,prostate_logreg,non-IID,PROSTATE,,,,,,,,
Client 26,3,0.0,0.31,0.31,0.01,,1,55,14,prostate_logreg,non-IID,PROSTATE,,,,,,,,
Client 27,3,0.0,0.07,0.31,0.01,,1,59,14,prostate_logreg,non-IID,PROSTATE,,,,,,,,
Client 28,3,0.0,0.31,0.31,0.01,,1,56,14,prostate_logreg,non-IID,PROSTATE,,,,,,,,
Client 29,3,0.0,0.31,0.0,0.06,,1,53,14,prostate_logreg,non-IID,PROSTATE,,,,,,,,
Client 30,3,0.0,0.31,0.33,0.07,,1,52,14,prostate_logreg,non-IID,PROSTATE,,,,,,,,
Client 31,3,0.0,0.31,0.31,0.01,,1,58,14,prostate_logreg,non-IID,PROSTATE,,,,,,,,
Client 32,3,0.05,0.31,0.3,0.01,,1,54,14,prostate_logreg,non-IID,PROSTATE,,,,,,,,
Client 33,3,0.0,0.0,0.01,0.06,,1,52,14,prostate_logreg,non-IID,PROSTATE,,,,,,,,
Client 34,3,0.05,0.31,0.31,0.01,,1,55,14,prostate_logreg,non-IID,PROSTATE,,,,,,,,
Client 35,3,0.0,0.11,0.3,0.01,,1,56,14,prostate_logreg,non-IID,PROSTATE,,,,,,,,
Client 36,3,0.0,0.31,0.3,0.06,,1,53,14,prostate_logreg,non-IID,PROSTATE,,,,,,,,
Client 37,3,0.0,0.07,0.31,0.06,,1,52,14,prostate_logreg,non-IID,PROSTATE,,,,,,,,
Client 38,3,0.0,0.31,0.3,0.01,,1,55,14,prostate_logreg,non-IID,PROSTATE,,,,,,,,
Client 39,3,0.0,0.05,0.36,0.01,,1,56,14,prostate_logreg,non-IID,PROSTATE,,,,,,,,
Client 40,3,0.0,0.31,0.36,0.01,1.00,1,56,14,prostate_logreg,non-IID,PROSTATE,0.53,0.7945,0.732,0.2055,0.64,0.6591,0.6878,0.3409
Client 1,4,0.0,0.0,0.01,0.01,,2,98,14,prostate_logreg,non-IID,PROSTATE,,,,,,,,
Client 2,4,0.0,0.19,0.0,0.01,,2,103,14,prostate_logreg,non-IID,PROSTATE,,,,,,,,
Client 3,4,0.0,0.0,0.01,0.01,,2,103,14,prostate_logreg,non-IID,PROSTATE,,,,,,,,
Client 4,4,0.0,0.0,0.01,0.01,,2,103,14,prostate_logreg,non-IID,PROSTATE,,,,,,,,
Client 5,4,0.0,0.0,0.02,0.01,,2,99,14,prostate_logreg,non-IID,PROSTATE,,,,,,,,
Client 6,4,0.0,0.0,0.01,0.01,,2,109,14,prostate_logreg,non-IID,PROSTATE,,,,,,,,
Client 7,4,0.0,0.0,0.01,0.01,,2,98,14,prostate_logreg,non-IID,PROSTATE,,,,,,,,
Client 8,4,0.0,0.22,0.0,0.02,,2,99,14,prostate_logreg,non-IID,PROSTATE,,,,,,,,
Client 9,4,0.0,0.0,0.01,0.01,,2,104,14,prostate_logreg,non-IID,PROSTATE,,,,,,,,
Client 10,4,0.0,0.31,0.0,0.01,,2,103,14,prostate_logreg,non-IID,PROSTATE,,,,,,,,
Client 11,4,0.0,0.21,0.0,0.01,,2,102,14,prostate_logreg,non-IID,PROSTATE,,,,,,,,
Client 12,4,0.0,0.0,0.01,0.01,,2,101,14,prostate_logreg,non-IID,PROSTATE,,,,,,,,
Client 13,4,0.0,0.0,0.01,0.01,,2,97,14,prostate_logreg,non-IID,PROSTATE,,,,,,,,
Client 14,4,0.0,0.0,0.02,0.01,,2,100,14,prostate_logreg,non-IID,PROSTATE,,,,,,,,
Client 15,4,0.0,0.0,0.01,0.01,,2,100,14,prostate_logreg,non-IID,PROSTATE,,,,,,,,
Client 16,4,0.0,0.0,0.01,0.01,,2,100,14,prostate_logreg,non-IID,PROSTATE,,,,,,,,
Client 17,4,0.0,0.0,0.01,0.01,,2,101,14,prostate_logreg,non-IID,PROSTATE,,,,,,,,
Client 18,4,0.0,0.0,0.01,0.01,,2,98,14,prostate_logreg,non-IID,PROSTATE,,,,,,,,
Client 19,4,0.0,0.0,0.15,0.01,,2,101,14,prostate_logreg,non-IID,PROSTATE,,,,,,,,
Client 20,4,0.0,0.0,0.01,0.01,,2,101,14,prostate_logreg,non-IID,PROSTATE,,,,,,,,
Client 21,4,0.0,0.0,0.01,0.01,,2,103,14,prostate_logreg,non-IID,PROSTATE,,,,,,,,
Client 22,4,0.0,0.0,0.02,0.01,,2,100,14,prostate_logreg,non-IID,PROSTATE,,,,,,,,
Client 23,4,0.0,0.0,0.02,0.01,,2,100,14,prostate_logreg,non-IID,PROSTATE,,,,,,,,
Client 24,4,0.0,0.0,0.01,0.01,,2,104,14,prostate_logreg,non-IID,PROSTATE,,,,,,,,
Client 25,4,0.0,0.0,0.02,0.01,0.46,2,105,14,prostate_logreg,non-IID,PROSTATE,0.55,0.7751,0.7244,0.2249,0.62,0.6836,0.713,0.3164
Client 1,5,0.0,0.0,0.01,0.01,,2,102,14,prostate_logreg,non-IID,PROSTATE,,,,,,,,
Client 2,5,0.0,0.0,0.01,0.01,,2,103,14,prostate_logreg,non-IID,PROSTATE,,,,,,,,
Client 3,5,0.0,0.0,0.01,0.01,,2,96,14,prostate_logreg,non-IID,PROSTATE,,,,,,,,
Client 4,5,0.0,0.0,0.01,0.01,,2,104,14,prostate_logreg,non-IID,PROSTATE,,,,,,,,
Client 5,5,0.0,0.0,0.01,0.01,,2,100,14,prostate_logreg,non-IID,PROSTATE,,,,,,,,
Client 6,5,0.0,0.0,0.01,0.01,,2,100,14,prostate_logreg,non-IID,PROSTATE,,,,,,,,
Client 7,5,0.0,0.0,0.01,0.01,,2,97,14,prostate_logreg,non-IID,PROSTATE,,,,,,,,
Client 8,5,0.0,0.0,0.01,0.01,,2,97,14,prostate_logreg,non-IID,PROSTATE,,,,,,,,
Client 9,5,0.0,0.0,0.01,0.01,,2,96,14,prostate_logreg,non-IID,PROSTATE,,,,,,,,
Client 10,5,0.0,0.0,0.01,0.01,,2,97,14,prostate_logreg,non-IID,PROSTATE,,,,,,,,
Client 11,5,0.0,0.22,0.0,0.01,,2,98,14,prostate_logreg,non-IID,PROSTATE,,,,,,,,
Client 12,5,0.0,0.0,0.01,0.01,,2,97,14,prostate_logreg,non-IID,PROSTATE,,,,,,,,
Client 13,5,0.0,0.08,0.0,0.01,,2,101,14,prostate_logreg,non-IID,PROSTATE,,,,,,,,
Client 14,5,0.0,0.02,0.0,0.01,,2,97,14,prostate_logreg,non-IID,PROSTATE,,,,,,,,
Client 15,5,0.0,0.0,0.01,0.01,,2,101,14,prostate_logreg,non-IID,PROSTATE,,,,,,,,
Client 16,5,0.0,0.0,0.01,0.01,,2,102,14,prostate_logreg,non-IID,PROSTATE,,,,,,,,
Client 17,5,0.0,0.0,0.01,0.01,,2,101,14,prostate_logreg,non-IID,PROSTATE,,,,,,,,
Client 18,5,0.0,0.0,0.01,0.01,,2,105,14,prostate_logreg,non-IID,PROSTATE,,,,,,,,
Client 19,5,0.0,0.0,0.01,0.01,,2,104,14,prostate_logreg,non-IID,PROSTATE,,,,,,,,
Client 20,5,0.0,0.0,0.01,0.01,,2,99,14,prostate_logreg,non-IID,PROSTATE,,,,,,,,
Client 21,5,0.0,0.0,0.01,0.01,,2,96,14,prostate_logreg,non-IID,PROSTATE,,,,,,,,
Client 22,5,0.0,0.0,0.02,0.02,,2,101,14,prostate_logreg,non-IID,PROSTATE,,,,,,,,
Client 23,5,0.0,0.01,0.0,0.01,,2,105,14,prostate_logreg,non-IID,PROSTATE,,,,,,,,
Client 24,5,0.0,0.0,0.01,0.01,,2,100,14,prostate_logreg,non-IID,PROSTATE,,,,,,,,
Client 25,5,0.0,0.0,0.01,0.01,,2,103,14,prostate_logreg,non-IID,PROSTATE,,,,,,,,
Client 26,5,0.0,0.31,0.0,0.01,,1,58,14,prostate_logreg,non-IID,PROSTATE,,,,,,,,
Client 27,5,0.0,0.0,0.01,0.01,,1,55,14,prostate_logreg,non-IID,PROSTATE,,,,,,,,
Client 28,5,0.0,0.0,0.01,0.01,,1,65,14,prostate_logreg,non-IID,PROSTATE,,,,,,,,
Client 29,5,0.0,0.0,0.01,0.06,,1,57,14,prostate_logreg,non-IID,PROSTATE,,,,,,,,
Client 30,5,0.0,0.31,0.0,0.06,,1,58,14,prostate_logreg,non-IID,PROSTATE,,,,,,,,
Client 31,5,0.0,0.31,0.0,0.01,,1,61,14,prostate_logreg,non-IID,PROSTATE,,,,,,,,
Client 32,5,0.0,0.0,0.01,0.06,,1,58,14,prostate_logreg,non-IID,PROSTATE,,,,,,,,
Client 33,5,0.0,0.12,0.0,0.01,,1,54,14,prostate_logreg,non-IID,PROSTATE,,,,,,,,
Client 34,5,0.0,0.31,0.0,0.01,,1,71,14,prostate_logreg,non-IID,PROSTATE,,,,,,,,
Client 35,5,0.05,0.18,0.0,0.01,,1,62,14,prostate_logreg,non-IID,PROSTATE,,,,,,,,
Client 36,5,0.0,0.0,0.01,0.06,,1,56,14,prostate_logreg,non-IID,PROSTATE,,,,,,,,
Client 37,5,0.0,0.0,0.06,0.01,,1,61,14,prostate_logreg,non-IID,PROSTATE,,,,,,,,
Client 38,5,0.0,0.31,0.0,0.01,,1,58,14,prostate_logreg,non-IID,PROSTATE,,,,,,,,
Client 39,5,0.0,0.31,0.0,0.01,,1,62,14,prostate_logreg,non-IID,PROSTATE,,,,,,,,
Client 40,5,0.0,0.0,0.01,0.06,0.41,1,64,14,prostate_logreg,non-IID,PROSTATE,0.54,0.7717,0.7209,0.2283,0.61,0.6994,0.7281,0.3006
Client 1,6,0.0,0.0,0.01,0.01,,2,102,14,prostate_logreg,non-IID,PROSTATE,,,,,,,,
Client 2,6,0.0,0.0,0.01,0.01,,2,99,14,prostate_logreg,non-IID,PROSTATE,,,,,,,,
Client 3,6,0.0,0.08,0.0,0.01,,2,100,14,prostate_logreg,non-IID,PROSTATE,,,,,,,,
Client 4,6,0.0,0.0,0.01,0.01,,2,104,14,prostate_logreg,non-IID,PROSTATE,,,,,,,,
Client 5,6,0.0,0.0,0.01,0.01,,2,100,14,prostate_logreg,non-IID,PROSTATE,,,,,,,,
Client 6,6,0.0,0.0,0.0,0.01,,2,102,14,prostate_logreg,non-IID,PROSTATE,,,,,,,,
Client 7,6,0.0,0.0,0.01,0.01,,2,100,14,prostate_logreg,non-IID,PROSTATE,,,,,,,,
Client 8,6,0.0,0.0,0.01,0.01,,2,96,14,prostate_logreg,non-IID,PROSTATE,,,,,,,,
Client 9,6,0.0,0.0,0.01,0.02,,2,99,14,prostate_logreg,non-IID,PROSTATE,,,,,,,,
Client 10,6,0.0,0.0,0.01,0.01,,2,104,14,prostate_logreg,non-IID,PROSTATE,,,,,,,,
Client 11,6,0.0,0.23,0.0,0.01,,2,98,14,prostate_logreg,non-IID,PROSTATE,,,,,,,,
Client 12,6,0.0,0.0,0.01,0.01,,2,104,14,prostate_logreg,non-IID,PROSTATE,,,,,,,,
Client 13,6,0.0,0.0,0.01,0.01,,2,103,14,prostate_logreg,non-IID,PROSTATE,,,,,,,,
Client 14,6,0.0,0.0,0.02,0.01,,2,96,14,prostate_logreg,non-IID,PROSTATE,,,,,,,,
Client 15,6,0.0,0.0,0.01,0.01,,2,105,14,prostate_logreg,non-IID,PROSTATE,,,,,,,,
Client 16,6,0.0,0.04,0.0,0.02,,2,100,14,prostate_logreg,non-IID,PROSTATE,,,,,,,,
Client 17,6,0.0,0.0,0.01,0.01,,2,97,14,prostate_logreg,non-IID,PROSTATE,,,,,,,,
Client 18,6,0.0,0.0,0.01,0.01,,2,102,14,prostate_logreg,non-IID,PROSTATE,,,,,,,,
Client 19,6,0.0,0.05,0.0,0.01,,2,105,14,prostate_logreg,non-IID,PROSTATE,,,,,,,,
Client 20,6,0.0,0.0,0.01,0.01,,2,104,14,prostate_logreg,non-IID,PROSTATE,,,,,,,,
Client 21,6,0.0,0.0,0.02,0.02,,2,104,14,prostate_logreg,non-IID,PROSTATE,,,,,,,,
Client 22,6,0.0,0.0,0.02,0.02,,2,103,14,prostate_logreg,non-IID,PROSTATE,,,,,,,,
Client 23,6,0.0,0.0,0.01,0.01,,2,102,14,prostate_logreg,non-IID,PROSTATE,,,,,,,,
Client 24,6,0.0,0.05,0.0,0.01,,2,99,14,prostate_logreg,non-IID,PROSTATE,,,,,,,,
Client 25,6,0.0,0.05,0.0,0.01,,2,105,14,prostate_logreg,non-IID,PROSTATE,,,,,,,,
Client 26,6,0.0,0.0,0.01,0.01,,1,58,14,prostate_logreg,non-IID,PROSTATE,,,,,,,,
Client 27,6,0.0,0.01,0.0,0.06,,1,55,14,prostate_logreg,non-IID,PROSTATE,,,,,,,,
Client 28,6,0.0,0.31,0.0,0.01,,1,56,14,prostate_logreg,non-IID,PROSTATE,,,,,,,,
Client 29,6,0.0,0.01,0.0,0.01,,1,61,14,prostate_logreg,non-IID,PROSTATE,,,,,,,,
Client 30,6,0.0,0.31,0.0,0.06,,1,54,14,prostate_logreg,non-IID,PROSTATE,,,,,,,,
Client 31,6,0.0,0.31,0.0,0.01,,1,62,14,prostate_logreg,non-IID,PROSTATE,,,,,,,,
Client 32,6,0.0,0.02,0.0,0.01,,1,63,14,prostate_logreg,non-IID,PROSTATE,,,,,,,,
Client 33,6,0.0,0.05,0.0,0.01,,1,60,14,prostate_logreg,non-IID,PROSTATE,,,,,,,,
Client 34,6,0.0,0.0,0.01,0.01,,1,62,14,prostate_logreg,non-IID,PROSTATE,,,,,,,,
Client 35,6,0.0,0.21,0.0,0.01,,1,61,14,prostate_logreg,non-IID,PROSTATE,,,,,,,,
Client 36,6,0.0,0.0,0.01,0.06,,1,56,14,prostate_logreg,non-IID,PROSTATE,,,,,,,,
Client 37,6,0.0,0.0,0.01,0.01,,1,67,14,prostate_logreg,non-IID,PROSTATE,,,,,,,,
Client 38,6,0.0,0.21,0.0,0.01,,1,66,14,prostate_logreg,non-IID,PROSTATE,,,,,,,,
Client 39,6,0.0,0.0,0.06,0.01,,1,60,14,prostate_logreg,non-IID,PROSTATE,,,,,,,,
Client 40,6,0.0,0.16,0.0,0.06,0.44,1,62,14,prostate_logreg,non-IID,PROSTATE,0.54,0.7692,0.7224,0.2308,0.6,0.7107,0.7385,0.2893
Client 1,7,0.0,0.01,0.0,0.01,,2,98,14,prostate_logreg,non-IID,PROSTATE,,,,,,,,
Client 2,7,0.0,0.09,0.0,0.01,,2,103,14,prostate_logreg,non-IID,PROSTATE,,,,,,,,
Client 3,7,0.0,0.0,0.01,0.01,,2,102,14,prostate_logreg,non-IID,PROSTATE,,,,,,,,
Client 4,7,0.0,0.04,0.0,0.01,,2,102,14,prostate_logreg,non-IID,PROSTATE,,,,,,,,
Client 5,7,0.0,0.01,0.0,0.01,,2,100,14,prostate_logreg,non-IID,PROSTATE,,,,,,,,
Client 6,7,0.0,0.0,0.0,0.01,,2,100,14,prostate_logreg,non-IID,PROSTATE,,,,,,,,
Client 7,7,0.0,0.0,0.0,0.01,,2,99,14,prostate_logreg,non-IID,PROSTATE,,,,,,,,
Client 8,7,0.0,0.04,0.0,0.01,,2,101,14,prostate_logreg,non-IID,PROSTATE,,,,,,,,
Client 9,7,0.0,0.1,0.0,0.01,,2,101,14,prostate_logreg,non-IID,PROSTATE,,,,,,,,
Client 10,7,0.0,0.0,0.0,0.01,,2,100,14,prostate_logreg,non-IID,PROSTATE,,,,,,,,
Client 11,7,0.0,0.24,0.0,0.01,,2,103,14,prostate_logreg,non-IID,PROSTATE,,,,,,,,
Client 12,7,0.0,0.02,0.0,0.01,,2,101,14,prostate_logreg,non-IID,PROSTATE,,,,,,,,
Client 13,7,0.0,0.02,0.0,0.01,,2,100,14,prostate_logreg,non-IID,PROSTATE,,,,,,,,
Client 14,7,0.0,0.0,0.0,0.01,,2,106,14,prostate_logreg,non-IID,PROSTATE,,,,,,,,
Client 15,7,0.0,0.11,0.0,0.01,,2,100,14,prostate_logreg,non-IID,PROSTATE,,,,,,,,
Client 16,7,0.0,0.0,0.0,0.01,,2,105,14,prostate_logreg,non-IID,PROSTATE,,,,,,,,
Client 17,7,0.0,0.07,0.0,0.01,,2,99,14,prostate_logreg,non-IID,PROSTATE,,,,,,,,
Client 18,7,0.0,0.04,0.0,0.01,,2,97,14,prostate_logreg,non-IID,PROSTATE,,,,,,,,
Client 19,7,0.0,0.05,0.0,0.01,,2,103,14,prostate_logreg,non-IID,PROSTATE,,,,,,,,
Client 20,7,0.0,0.02,0.0,0.01,,2,99,14,prostate_logreg,non-IID,PROSTATE,,,,,,,,
Client 21,7,0.0,0.01,0.0,0.01,,2,94,14,prostate_logreg,non-IID,PROSTATE,,,,,,,,
Client 22,7,0.0,0.02,0.0,0.01,,2,99,14,prostate_logreg,non-IID,PROSTATE,,,,,,,,
Client 23,7,0.0,0.0,0.01,0.01,,2,101,14,prostate_logreg,non-IID,PROSTATE,,,,,,,,
Client 24,7,0.0,0.04,0.0,0.01,,2,98,14,prostate_logreg,non-IID,PROSTATE,,,,,,,,
Client 25,7,0.0,0.06,0.0,0.01,,2,107,14,prostate_logreg,non-IID,PROSTATE,,,,,,,,
Client 26,7,0.0,0.06,0.0,0.06,,1,53,14,prostate_logreg,non-IID,PROSTATE,,,,,,,,
Client 27,7,0.0,0.05,0.0,0.01,,1,59,14,prostate_logreg,non-IID,PROSTATE,,,,,,,,
Client 28,7,0.0,0.01,0.0,0.06,,1,59,14,prostate_logreg,non-IID,PROSTATE,,,,,,,,
Client 29,7,0.0,0.01,0.0,0.01,,1,59,14,prostate_logreg,non-IID,PROSTATE,,,,,,,,
Client 30,7,0.0,0.23,0.0,0.01,,1,57,14,prostate_logreg,non-IID,PROSTATE,,,,,,,,
Client 31,7,0.0,0.16,0.0,0.06,,1,65,14,prostate_logreg,non-IID,PROSTATE,,,,,,,,
Client 32,7,0.0,0.05,0.0,0.01,,1,74,14,prostate_logreg,non-IID,PROSTATE,,,,,,,,
Client 33,7,0.0,0.01,0.0,0.01,,1,68,14,prostate_logreg,non-IID,PROSTATE,,,,,,,,
Client 34,7,0.0,0.0,0.0,0.06,,1,58,14,prostate_logreg,non-IID,PROSTATE,,,,,,,,
Client 35,7,0.0,0.04,0.0,0.01,,1,59,14,prostate_logreg,non-IID,PROSTATE,,,,,,,,
Client 36,7,0.0,0.05,0.0,0.01,,1,58,14,prostate_logreg,non-IID,PROSTATE,,,,,,,,
Client 37,7,0.0,0.05,0.0,0.01,,1,71,14,prostate_logreg,non-IID,PROSTATE,,,,,,,,
Client 38,7,0.0,0.22,0.0,0.01,,1,56,14,prostate_logreg,non-IID,PROSTATE,,,,,,,,
Client 39,7,0.0,0.03,0.0,0.01,,1,75,14,prostate_logreg,non-IID,PROSTATE,,,,,,,,
Client 40,7,0.0,0.0,0.0,0.01,0.39,1,63,14,prostate_logreg,non-IID,PROSTATE,0.54,0.7725,0.7242,0.2275,0.58,0.7224,0.749,0.2776
Client 1,8,0.0,0.0,0.01,0.01,,2,101,14,prostate_logreg,non-IID,PROSTATE,,,,,,,,
Client 2,8,0.0,0.0,0.01,0.01,,2,102,14,prostate_logreg,non-IID,PROSTATE,,,,,,,,
Client 3,8,0.0,0.0,0.01,0.01,,2,100,14,prostate_logreg,non-IID,PROSTATE,,,,,,,,
Client 4,8,0.0,0.0,0.01,0.01,,2,99,14,prostate_logreg,non-IID,PROSTATE,,,,,,,,
Client 5,8,0.0,0.0,0.01,0.01,,2,102,14,prostate_logreg,non-IID,PROSTATE,,,,,,,,
Client 6,8,0.0,0.0,0.01,0.01,,2,96,14,prostate_logreg,non-IID,PROSTATE,,,,,,,,
Client 7,8,0.0,0.0,0.01,0.01,,2,102,14,prostate_logreg,non-IID,PROSTATE,,,,,,,,
Client 8,8,0.0,0.0,0.02,0.01,,2,98,14,prostate_logreg,non-IID,PROSTATE,,,,,,,,
Client 9,8,0.0,0.0,0.01,0.01,,2,100,14,prostate_logreg,non-IID,PROSTATE,,,,,,,,
Client 10,8,0.0,0.0,0.0,0.01,,2,104,14,prostate_logreg,non-IID,PROSTATE,,,,,,,,
Client 11,8,0.0,0.25,0.0,0.01,,2,103,14,prostate_logreg,non-IID,PROSTATE,,,,,,,,
Client 12,8,0.0,0.0,0.01,0.01,,2,101,14,prostate_logreg,non-IID,PROSTATE,,,,,,,,
Client 13,8,0.0,0.0,0.01,0.01,,2,104,14,prostate_logreg,non-IID,PROSTATE,,,,,,,,
Client 14,8,0.0,0.0,0.01,0.01,,2,100,14,prostate_logreg,non-IID,PROSTATE,,,,,,,,
Client 15,8,0.0,0.0,0.01,0.01,,2,100,14,prostate_logreg,non-IID,PROSTATE,,,,,,,,
Client 16,8,0.0,0.0,0.01,0.01,,2,98,14,prostate_logreg,non-IID,PROSTATE,,,,,,,,
Client 17,8,0.0,0.08,0.0,0.01,,2,104,14,prostate_logreg,non-IID,PROSTATE,,,,,,,,
Client 18,8,0.0,0.0,0.01,0.01,,2,100,14,prostate_logreg,non-IID,PROSTATE,,,,,,,,
Client 19,8,0.0,0.03,0.0,0.01,,2,103,14,prostate_logreg,non-IID,PROSTATE,,,,,,,,
Client 20,8,0.0,0.01,0.0,0.02,,2,101,14,prostate_logreg,non-IID,PROSTATE,,,,,,,,
Client 21,8,0.0,0.0,0.01,0.01,,2,101,14,prostate_logreg,non-IID,PROSTATE,,,,,,,,
Client 22,8,0.0,0.0,0.01,0.01,,2,102,14,prostate_logreg,non-IID,PROSTATE,,,,,,,,
Client 23,8,0.0,0.0,0.01,0.01,,2,97,14,prostate_logreg,non-IID,PROSTATE,,,,,,,,
Client 24,8,0.0,0.0,0.01,0.01,,2,96,14,prostate_logreg,non-IID,PROSTATE,,,,,,,,
Client 25,8,0.0,0.13,0.0,0.01,0.43,2,96,14,prostate_logreg,non-IID,PROSTATE,0.53,0.7839,0.7549,0.2161,0.57,0.726,0.7525,0.274
Client 1,9,0.0,0.0,0.01,0.01,,2,100,14,prostate_logreg,non-IID,PROSTATE,,,,,,,,
Client 2,9,0.0,0.0,0.01,0.01,,2,101,14,prostate_logreg,non-IID,PROSTATE,,,,,,,,
Client 3,9,0.0,0.0,0.01,0.01,,2,102,14,prostate_logreg,non-IID,PROSTATE,,,,,,,,
Client 4,9,0.0,0.0,0.01,0.01,,2,104,14,prostate_logreg,non-IID,PROSTATE,,,,,,,,
Client 5,9,0.0,0.0,0.01,0.01,,2,99,14,prostate_logreg,non-IID,PROSTATE,,,,,,,,
Client 6,9,0.0,0.0,0.01,0.01,,2,99,14,prostate_logreg,non-IID,PROSTATE,,,,,,,,
Client 7,9,0.0,0.0,0.01,0.01,,2,101,14,prostate_logreg,non-IID,PROSTATE,,,,,,,,
Client 8,9,0.0,0.0,0.01,0.01,,2,97,14,prostate_logreg,non-IID,PROSTATE,,,,,,,,
Client 9,9,0.0,0.0,0.01,0.01,,2,101,14,prostate_logreg,non-IID,PROSTATE,,,,,,,,
Client 10,9,0.0,0.0,0.01,0.01,,2,96,14,prostate_logreg,non-IID,PROSTATE,,,,,,,,
Client 11,9,0.0,0.0,0.02,0.01,,2,99,14,prostate_logreg,non-IID,PROSTATE,,,,,,,,
Client 12,9,0.0,0.0,0.01,0.01,,2,112,14,prostate_logreg,non-IID,PROSTATE,,,,,,,,
Client 13,9,0.0,0.0,0.01,0.01,,2,99,14,prostate_logreg,non-IID,PROSTATE,,,,,,,,
Client 14,9,0.0,0.0,0.01,0.02,,2,99,14,prostate_logreg,non-IID,PROSTATE,,,,,,,,
Client 15,9,0.0,0.0,0.01,0.01,,2,102,14,prostate_logreg,non-IID,PROSTATE,,,,,,,,
Client 16,9,0.0,0.0,0.01,0.01,,2,103,14,prostate_logreg,non-IID,PROSTATE,,,,,,,,
Client 17,9,0.0,0.0,0.02,0.02,,2,101,14,prostate_logreg,non-IID,PROSTATE,,,,,,,,
Client 18,9,0.0,0.0,0.01,0.01,,2,100,14,prostate_logreg,non-IID,PROSTATE,,,,,,,,
Client 19,9,0.0,0.0,0.02,0.02,,2,103,14,prostate_logreg,non-IID,PROSTATE,,,,,,,,
Client 20,9,0.0,0.0,0.01,0.01,,2,101,14,prostate_logreg,non-IID,PROSTATE,,,,,,,,
Client 21,9,0.0,0.0,0.01,0.01,,2,101,14,prostate_logreg,non-IID,PROSTATE,,,,,,,,
Client 22,9,0.0,0.0,0.01,0.01,,2,102,14,prostate_logreg,non-IID,PROSTATE,,,,,,,,
Client 23,9,0.0,0.0,0.01,0.01,,2,100,14,prostate_logreg,non-IID,PROSTATE,,,,,,,,
Client 24,9,0.0,0.0,0.01,0.01,,2,98,14,prostate_logreg,non-IID,PROSTATE,,,,,,,,
Client 25,9,0.0,0.0,0.01,0.01,0.47,2,99,14,prostate_logreg,non-IID,PROSTATE,0.53,0.7857,0.7818,0.2143,0.57,0.7278,0.7542,0.2722
Client 1,10,0.0,0.0,0.01,0.01,,2,98,14,prostate_logreg,non-IID,PROSTATE,,,,,,,,
Client 2,10,0.0,0.0,0.01,0.01,,2,106,14,prostate_logreg,non-IID,PROSTATE,,,,,,,,
Client 3,10,0.0,0.0,0.01,0.01,,2,97,14,prostate_logreg,non-IID,PROSTATE,,,,,,,,
Client 4,10,0.0,0.0,0.01,0.01,,2,98,14,prostate_logreg,non-IID,PROSTATE,,,,,,,,
Client 5,10,0.0,0.0,0.01,0.01,,2,105,14,prostate_logreg,non-IID,PROSTATE,,,,,,,,
Client 6,10,0.0,0.0,0.01,0.01,,2,103,14,prostate_logreg,non-IID,PROSTATE,,,,,,,,
Client 7,10,0.0,0.0,0.01,0.01,,2,101,14,prostate_logreg,non-IID,PROSTATE,,,,,,,,
Client 8,10,0.0,0.0,0.01,0.01,,2,103,14,prostate_logreg,non-IID,PROSTATE,,,,,,,,
Client 9,10,0.0,0.0,0.02,0.02,,2,99,14,prostate_logreg,non-IID,PROSTATE,,,,,,,,
Client 10,10,0.0,0.0,0.01,0.01,,2,100,14,prostate_logreg,non-IID,PROSTATE,,,,,,,,
Client 11,10,0.0,0.0,0.01,0.01,,2,97,14,prostate_logreg,non-IID,PROSTATE,,,,,,,,
Client 12,10,0.0,0.0,0.01,0.01,,2,100,14,prostate_logreg,non-IID,PROSTATE,,,,,,,,
Client 13,10,0.0,0.0,0.01,0.02,,2,104,14,prostate_logreg,non-IID,PROSTATE,,,,,,,,
Client 14,10,0.0,0.0,0.01,0.01,,2,105,14,prostate_logreg,non-IID,PROSTATE,,,,,,,,
Client 15,10,0.0,0.0,0.01,0.01,,2,103,14,prostate_logreg,non-IID,PROSTATE,,,,,,,,
Client 16,10,0.0,0.0,0.01,0.01,,2,105,14,prostate_logreg,non-IID,PROSTATE,,,,,,,,
Client 17,10,0.0,0.0,0.01,0.01,,2,98,14,prostate_logreg,non-IID,PROSTATE,,,,,,,,
Client 18,10,0.0,0.0,0.01,0.01,,2,100,14,prostate_logreg,non-IID,PROSTATE,,,,,,,,
Client 19,10,0.0,0.0,0.01,0.01,,2,98,14,prostate_logreg,non-IID,PROSTATE,,,,,,,,
Client 20,10,0.0,0.0,0.01,0.01,,2,100,14,prostate_logreg,non-IID,PROSTATE,,,,,,,,
Client 21,10,0.0,0.0,0.02,0.01,,2,102,14,prostate_logreg,non-IID,PROSTATE,,,,,,,,
Client 22,10,0.0,0.0,0.02,0.01,,2,101,14,prostate_logreg,non-IID,PROSTATE,,,,,,,,
Client 23,10,0.0,0.0,0.01,0.01,,2,99,14,prostate_logreg,non-IID,PROSTATE,,,,,,,,
Client 24,10,0.0,0.0,0.01,0.01,,2,98,14,prostate_logreg,non-IID,PROSTATE,,,,,,,,
Client 25,10,0.0,0.0,0.01,0.01,0.45,2,104,14,prostate_logreg,non-IID,PROSTATE,0.53,0.7792,0.7755,0.2208,0.56,0.7289,0.7548,0.2711
Client 1,11,0.0,0.0,0.01,0.01,,2,99,14,prostate_logreg,non-IID,PROSTATE,,,,,,,,
Client 2,11,0.0,0.0,0.01,0.01,,2,100,14,prostate_logreg,non-IID,PROSTATE,,,,,,,,
Client 3,11,0.0,0.0,0.01,0.01,,2,99,14,prostate_logreg,non-IID,PROSTATE,,,,,,,,
Client 4,11,0.0,0.0,0.01,0.01,,2,99,14,prostate_logreg,non-IID,PROSTATE,,,,,,,,
Client 5,11,0.0,0.0,0.01,0.01,,2,104,14,prostate_logreg,non-IID,PROSTATE,,,,,,,,
Client 6,11,0.0,0.0,0.01,0.01,,2,100,14,prostate_logreg,non-IID,PROSTATE,,,,,,,,
Client 7,11,0.0,0.0,0.01,0.02,,2,99,14,prostate_logreg,non-IID,PROSTATE,,,,,,,,
Client 8,11,0.0,0.0,0.01,0.01,,2,98,14,prostate_logreg,non-IID,PROSTATE,,,,,,,,
Client 9,11,0.0,0.0,0.01,0.01,,2,101,14,prostate_logreg,non-IID,PROSTATE,,,,,,,,
Client 10,11,0.0,0.0,0.01,0.01,,2,102,14,prostate_logreg,non-IID,PROSTATE,,,,,,,,
Client 11,11,0.0,0.0,0.01,0.01,,2,101,14,prostate_logreg,non-IID,PROSTATE,,,,,,,,
Client 12,11,0.0,0.0,0.01,0.01,,2,103,14,prostate_logreg,non-IID,PROSTATE,,,,,,,,
Client 13,11,0.0,0.0,0.01,0.01,,2,99,14,prostate_logreg,non-IID,PROSTATE,,,,,,,,
Client 14,11,0.0,0.0,0.01,0.01,,2,100,14,prostate_logreg,non-IID,PROSTATE,,,,,,,,
Client 15,11,0.0,0.0,0.01,0.01,,2,103,14,prostate_logreg,non-IID,PROSTATE,,,,,,,,
Client 16,11,0.0,0.0,0.01,0.01,,2,102,14,prostate_logreg,non-IID,PROSTATE,,,,,,,,
Client 17,11,0.0,0.0,0.01,0.01,,2,100,14,prostate_logreg,non-IID,PROSTATE,,,,,,,,
Client 18,11,0.0,0.0,0.01,0.01,,2,101,14,prostate_logreg,non-IID,PROSTATE,,,,,,,,
Client 19,11,0.0,0.0,0.01,0.01,,2,99,14,prostate_logreg,non-IID,PROSTATE,,,,,,,,
Client 20,11,0.0,0.0,0.01,0.01,,2,101,14,prostate_logreg,non-IID,PROSTATE,,,,,,,,
Client 21,11,0.0,0.0,0.01,0.01,,2,101,14,prostate_logreg,non-IID,PROSTATE,,,,,,,,
Client 22,11,0.0,0.0,0.01,0.01,,2,99,14,prostate_logreg,non-IID,PROSTATE,,,,,,,,
Client 23,11,0.0,0.0,0.01,0.01,,2,96,14,prostate_logreg,non-IID,PROSTATE,,,,,,,,
Client 24,11,0.0,0.0,0.01,0.01,,2,104,14,prostate_logreg,non-IID,PROSTATE,,,,,,,,
Client 25,11,0.0,0.0,0.01,0.01,,2,103,14,prostate_logreg,non-IID,PROSTATE,,,,,,,,
Client 26,11,0.05,0.0,0.01,0.01,,1,62,14,prostate_logreg,non-IID,PROSTATE,,,,,,,,
Client 27,11,0.0,0.0,0.01,0.06,,1,56,14,prostate_logreg,non-IID,PROSTATE,,,,,,,,
Client 28,11,0.0,0.0,0.01,0.06,,1,53,14,prostate_logreg,non-IID,PROSTATE,,,,,,,,
Client 29,11,0.0,0.0,0.01,0.06,,1,58,14,prostate_logreg,non-IID,PROSTATE,,,,,,,,
Client 30,11,0.0,0.0,0.01,0.01,,1,65,14,prostate_logreg,non-IID,PROSTATE,,,,,,,,
Client 31,11,0.0,0.0,0.01,0.06,,1,56,14,prostate_logreg,non-IID,PROSTATE,,,,,,,,
Client 32,11,0.0,0.0,0.01,0.01,,1,62,14,prostate_logreg,non-IID,PROSTATE,,,,,,,,
Client 33,11,0.0,0.0,0.01,0.06,,1,59,14,prostate_logreg,non-IID,PROSTATE,,,,,,,,
Client 34,11,0.0,0.0,0.01,0.01,,1,57,14,prostate_logreg,non-IID,PROSTATE,,,,,,,,
Client 35,11,0.0,0.0,0.01,0.06,,1,53,14,prostate_logreg,non-IID,PROSTATE,,,,,,,,
Client 36,11,0.0,0.0,0.01,0.01,,1,59,14,prostate_logreg,non-IID,PROSTATE,,,,,,,,
Client 37,11,0.0,0.0,0.01,0.01,,1,62,14,prostate_logreg,non-IID,PROSTATE,,,,,,,,
Client 38,11,0.0,0.24,0.0,0.01,,1,66,14,prostate_logreg,non-IID,PROSTATE,,,,,,,,
Client 39,11,0.05,0.0,0.01,0.01,,1,57,14,prostate_logreg,non-IID,PROSTATE,,,,,,,,
Client 40,11,0.0,0.0,0.01,0.06,0.54,1,53,14,prostate_logreg,non-IID,PROSTATE,0.51,0.7887,0.7812,0.2113,0.56,0.7307,0.7563,0.2693
Client 1,12,0.0,0.0,0.0,0.02,,2,101,14,prostate_logreg,non-IID,PROSTATE,,,,,,,,
Client 2,12,0.0,0.15,0.0,0.01,,2,100,14,prostate_logreg,non-IID,PROSTATE,,,,,,,,
Client 3,12,0.0,0.01,0.0,0.01,,2,99,14,prostate_logreg,non-IID,PROSTATE,,,,,,,,
Client 4,12,0.0,0.04,0.0,0.01,,2,97,14,prostate_logreg,non-IID,PROSTATE,,,,,,,,
Client 5,12,0.0,0.02,0.0,0.01,,2,98,14,prostate_logreg,non-IID,PROSTATE,,,,,,,,
Client 6,12,0.0,0.01,0.0,0.01,,2,102,14,prostate_logreg,non-IID,PROSTATE,,,,,,,,
Client 7,12,0.0,0.0,0.0,0.01,,2,103,14,prostate_logreg,non-IID,PROSTATE,,,,,,,,
Client 8,12,0.0,0.05,0.0,0.01,,2,102,14,prostate_logreg,non-IID,PROSTATE,,,,,,,,
Client 9,12,0.0,0.0,0.0,0.01,,2,105,14,prostate_logreg,non-IID,PROSTATE,,,,,,,,
Client 10,12,0.0,0.0,0.0,0.01,,2,101,14,prostate_logreg,non-IID,PROSTATE,,,,,,,,
Client 11,12,0.0,0.06,0.0,0.01,,2,100,14,prostate_logreg,non-IID,PROSTATE,,,,,,,,
Client 12,12,0.0,0.07,0.0,0.01,,2,100,14,prostate_logreg,non-IID,PROSTATE,,,,,,,,
Client 13,12,0.0,0.01,0.0,0.01,,2,98,14,prostate_logreg,non-IID,PROSTATE,,,,,,,,
Client 14,12,0.0,0.0,0.0,0.01,,2,105,14,prostate_logreg,non-IID,PROSTATE,,,,,,,,
Client 15,12,0.0,0.1,0.0,0.01,,2,98,14,prostate_logreg,non-IID,PROSTATE,,,,,,,,
Client 16,12,0.0,0.0,0.0,0.01,,2,98,14,prostate_logreg,non-IID,PROSTATE,,,,,,,,
Client 17,12,0.0,0.02,0.0,0.01,,2,98,14,prostate_logreg,non-IID,PROSTATE,,,,,,,,
Client 18,12,0.0,0.0,0.0,0.01,,2,99,14,prostate_logreg,non-IID,PROSTATE,,,,,,,,
Client 19,12,0.0,0.01,0.0,0.01,,2,98,14,prostate_logreg,non-IID,PROSTATE,,,,,,,,
Client 20,12,0.0,0.01,0.0,0.01,,2,101,14,prostate_logreg,non-IID,PROSTATE,,,,,,,,
Client 21,12,0.0,0.0,0.0,0.01,,2,102,14,prostate_logreg,non-IID,PROSTATE,,,,,,,,
Client 22,12,0.0,0.04,0.0,0.01,,2,100,14,prostate_logreg,non-IID,PROSTATE,,,,,,,,
Client 23,12,0.0,0.0,0.0,0.01,,2,105,14,prostate_logreg,non-IID,PROSTATE,,,,,,,,
Client 24,12,0.0,0.04,0.0,0.01,,2,98,14,prostate_logreg,non-IID,PROSTATE,,,,,,,,
Client 25,12,0.0,0.14,0.0,0.01,0.43,2,101,14,prostate_logreg,non-IID,PROSTATE,0.53,0.7545,0.7322,0.2455,0.55,0.7369,0.7611,0.2631
Client 1,13,0.0,0.0,0.0,0.01,,2,101,14,prostate_logreg,non-IID,PROSTATE,,,,,,,,
Client 2,13,0.0,0.14,0.0,0.01,,2,101,14,prostate_logreg,non-IID,PROSTATE,,,,,,,,
Client 3,13,0.0,0.0,0.0,0.01,,2,96,14,prostate_logreg,non-IID,PROSTATE,,,,,,,,
Client 4,13,0.0,0.0,0.0,0.01,,2,105,14,prostate_logreg,non-IID,PROSTATE,,,,,,,,
Client 5,13,0.0,0.02,0.0,0.02,,2,100,14,prostate_logreg,non-IID,PROSTATE,,,,,,,,
Client 6,13,0.0,0.0,0.0,0.02,,2,100,14,prostate_logreg,non-IID,PROSTATE,,,,,,,,
Client 7,13,0.0,0.0,0.0,0.01,,2,97,14,prostate_logreg,non-IID,PROSTATE,,,,,,,,
Client 8,13,0.0,0.05,0.0,0.01,,2,100,14,prostate_logreg,non-IID,PROSTATE,,,,,,,,
Client 9,13,0.0,0.0,0.0,0.01,,2,98,14,prostate_logreg,non-IID,PROSTATE,,,,,,,,
Client 10,13,0.0,0.0,0.0,0.01,,2,99,14,prostate_logreg,non-IID,PROSTATE,,,,,,,,
Client 11,13,0.0,0.05,0.0,0.01,,2,99,14,prostate_logreg,non-IID,PROSTATE,,,,,,,,
Client 12,13,0.0,0.07,0.0,0.01,,2,100,14,prostate_logreg,non-IID,PROSTATE,,,,,,,,
Client 13,13,0.0,0.01,0.0,0.02,,2,100,14,prostate_logreg,non-IID,PROSTATE,,,,,,,,
Client 14,13,0.0,0.0,0.01,0.01,,2,95,14,prostate_logreg,non-IID,PROSTATE,,,,,,,,
Client 15,13,0.0,0.0,0.01,0.01,,2,101,14,prostate_logreg,non-IID,PROSTATE,,,,,,,,
Client 16,13,0.0,0.0,0.0,0.01,,2,99,14,prostate_logreg,non-IID,PROSTATE,,,,,,,,
Client 17,13,0.0,0.05,0.0,0.01,,2,100,14,prostate_logreg,non-IID,PROSTATE,,,,,,,,
Client 18,13,0.0,0.0,0.02,0.01,,2,102,14,prostate_logreg,non-IID,PROSTATE,,,,,,,,
Client 19,13,0.0,0.0,0.0,0.01,,2,103,14,prostate_logreg,non-IID,PROSTATE,,,,,,,,
Client 20,13,0.0,0.0,0.01,0.01,,2,101,14,prostate_logreg,non-IID,PROSTATE,,,,,,,,
Client 21,13,0.0,0.0,0.0,0.01,,2,104,14,prostate_logreg,non-IID,PROSTATE,,,,,,,,
Client 22,13,0.0,0.04,0.0,0.01,,2,101,14,prostate_logreg,non-IID,PROSTATE,,,,,,,,
Client 23,13,0.0,0.01,0.0,0.01,,2,102,14,prostate_logreg,non-IID,PROSTATE,,,,,,,,
Client 24,13,0.0,0.04,0.0,0.01,,2,98,14,prostate_logreg,non-IID,PROSTATE,,,,,,,,
Client 25,13,0.0,0.12,0.0,0.01,,2,104,14,prostate_logreg,non-IID,PROSTATE,,,,,,,,
Client 26,13,0.0,0.0,0.01,0.06,,1,57,14,prostate_logreg,non-IID,PROSTATE,,,,,,,,
Client 27,13,0.0,0.06,0.0,0.01,,1,74,14,prostate_logreg,non-IID,PROSTATE,,,,,,,,
Client 28,13,0.0,0.0,0.01,0.01,,1,56,14,prostate_logreg,non-IID,PROSTATE,,,,,,,,
Client 29,13,0.0,0.0,0.01,0.01,,1,68,14,prostate_logreg,non-IID,PROSTATE,,,,,,,,
Client 30,13,0.0,0.02,0.0,0.01,,1,61,14,prostate_logreg,non-IID,PROSTATE,,,,,,,,
Client 31,13,0.0,0.0,0.01,0.06,,1,58,14,prostate_logreg,non-IID,PROSTATE,,,,,,,,
Client 32,13,0.0,0.03,0.0,0.01,,1,71,14,prostate_logreg,non-IID,PROSTATE,,,,,,,,
Client 33,13,0.0,0.0,0.0,0.01,,1,58,14,prostate_logreg,non-IID,PROSTATE,,,,,,,,
Client 34,13,0.0,0.01,0.0,0.01,,1,62,14,prostate_logreg,non-IID,PROSTATE,,,,,,,,
Client 35,13,0.0,0.0,0.06,0.01,,1,58,14,prostate_logreg,non-IID,PROSTATE,,,,,,,,
Client 36,13,0.0,0.02,0.0,0.01,,1,72,14,prostate_logreg,non-IID,PROSTATE,,,,,,,,
Client 37,13,0.0,0.0,0.0,0.01,,1,71,14,prostate_logreg,non-IID,PROSTATE,,,,,,,,
Client 38,13,0.0,0.25,0.0,0.01,,1,58,14,prostate_logreg,non-IID,PROSTATE,,,,,,,,
Client 39,13,0.0,0.03,0.0,0.01,,1,63,14,prostate_logreg,non-IID,PROSTATE,,,,,,,,
Client 40,13,0.0,0.03,0.0,0.01,0.52,1,58,14,prostate_logreg,non-IID,PROSTATE,0.51,0.7709,0.7492,0.2291,0.55,0.741,0.7639,0.259
Client 1,14,0.0,0.0,0.0,0.01,,2,99,14,prostate_logreg,non-IID,PROSTATE,,,,,,,,
Client 2,14,0.0,0.13,0.0,0.01,,2,103,14,prostate_logreg,non-IID,PROSTATE,,,,,,,,
Client 3,14,0.0,0.0,0.0,0.01,,2,97,14,prostate_logreg,non-IID,PROSTATE,,,,,,,,
Client 4,14,0.0,0.0,0.0,0.02,,2,99,14,prostate_logreg,non-IID,PROSTATE,,,,,,,,
Client 5,14,0.0,0.0,0.0,0.01,,2,101,14,prostate_logreg,non-IID,PROSTATE,,,,,,,,
Client 6,14,0.0,0.0,0.0,0.01,,2,105,14,prostate_logreg,non-IID,PROSTATE,,,,,,,,
Client 7,14,0.0,0.0,0.0,0.01,,2,101,14,prostate_logreg,non-IID,PROSTATE,,,,,,,,
Client 8,14,0.0,0.05,0.0,0.01,,2,97,14,prostate_logreg,non-IID,PROSTATE,,,,,,,,
Client 9,14,0.0,0.0,0.0,0.01,,2,99,14,prostate_logreg,non-IID,PROSTATE,,,,,,,,
Client 10,14,0.0,0.0,0.0,0.01,,2,99,14,prostate_logreg,non-IID,PROSTATE,,,,,,,,
Client 11,14,0.0,0.03,0.0,0.01,,2,100,14,prostate_logreg,non-IID,PROSTATE,,,,,,,,
Client 12,14,0.0,0.0,0.01,0.01,,2,101,14,prostate_logreg,non-IID,PROSTATE,,,,,,,,
Client 13,14,0.0,0.0,0.0,0.01,,2,104,14,prostate_logreg,non-IID,PROSTATE,,,,,,,,
Client 14,14,0.0,0.0,0.0,0.01,,2,100,14,prostate_logreg,non-IID,PROSTATE,,,,,,,,
Client 15,14,0.0,0.1,0.0,0.01,,2,95,14,prostate_logreg,non-IID,PROSTATE,,,,,,,,
Client 16,14,0.0,0.01,0.0,0.01,,2,97,14,prostate_logreg,non-IID,PROSTATE,,,,,,,,
Client 17,14,0.0,0.02,0.0,0.01,,2,98,14,prostate_logreg,non-IID,PROSTATE,,,,,,,,
Client 18,14,0.0,0.0,0.01,0.01,,2,100,14,prostate_logreg,non-IID,PROSTATE,,,,,,,,
Client 19,14,0.0,0.0,0.0,0.01,,2,100,14,prostate_logreg,non-IID,PROSTATE,,,,,,,,
Client 20,14,0.0,0.0,0.0,0.01,,2,99,14,prostate_logreg,non-IID,PROSTATE,,,,,,,,
Client 21,14,0.0,0.0,0.0,0.01,,2,105,14,prostate_logreg,non-IID,PROSTATE,,,,,,,,
Client 22,14,0.0,0.03,0.0,0.01,,2,101,14,prostate_logreg,non-IID,PROSTATE,,,,,,,,
Client 23,14,0.0,0.0,0.0,0.01,,2,99,14,prostate_logreg,non-IID,PROSTATE,,,,,,,,
Client 24,14,0.0,0.0,0.01,0.01,,2,101,14,prostate_logreg,non-IID,PROSTATE,,,,,,,,
Client 25,14,0.0,0.09,0.0,0.01,0.83,2,102,14,prostate_logreg,non-IID,PROSTATE,0.52,0.7646,0.75,0.2354,0.55,0.7443,0.7662,0.2557
Client 1,15,0.0,0.0,0.01,0.01,,2,104,14,prostate_logreg,non-IID,PROSTATE,,,,,,,,
Client 2,15,0.0,0.0,0.01,0.01,,2,104,14,prostate_logreg,non-IID,PROSTATE,,,,,,,,
Client 3,15,0.0,0.0,0.01,0.01,,2,97,14,prostate_logreg,non-IID,PROSTATE,,,,,,,,
Client 4,15,0.0,0.0,0.01,0.01,,2,97,14,prostate_logreg,non-IID,PROSTATE,,,,,,,,
Client 5,15,0.0,0.0,0.01,0.01,,2,102,14,prostate_logreg,non-IID,PROSTATE,,,,,,,,
Client 6,15,0.0,0.0,0.02,0.01,,2,102,14,prostate_logreg,non-IID,PROSTATE,,,,,,,,
Client 7,15,0.0,0.0,0.01,0.01,,2,99,14,prostate_logreg,non-IID,PROSTATE,,,,,,,,
Client 8,15,0.0,0.0,0.01,0.02,,2,99,14,prostate_logreg,non-IID,PROSTATE,,,,,,,,
Client 9,15,0.0,0.0,0.01,0.02,,2,97,14,prostate_logreg,non-IID,PROSTATE,,,,,,,,
Client 10,15,0.0,0.0,0.01,0.01,,2,104,14,prostate_logreg,non-IID,PROSTATE,,,,,,,,
Client 11,15,0.0,0.0,0.01,0.01,,2,103,14,prostate_logreg,non-IID,PROSTATE,,,,,,,,
Client 12,15,0.0,0.0,0.01,0.01,,2,96,14,prostate_logreg,non-IID,PROSTATE,,,,,,,,
Client 13,15,0.0,0.0,0.01,0.01,,2,104,14,prostate_logreg,non-IID,PROSTATE,,,,,,,,
Client 14,15,0.0,0.0,0.01,0.01,,2,101,14,prostate_logreg,non-IID,PROSTATE,,,,,,,,
Client 15,15,0.0,0.0,0.01,0.01,,2,100,14,prostate_logreg,non-IID,PROSTATE,,,,,,,,
Client 16,15,0.0,0.0,0.01,0.01,,2,104,14,prostate_logreg,non-IID,PROSTATE,,,,,,,,
Client 17,15,0.0,0.0,0.01,0.01,,2,101,14,prostate_logreg,non-IID,PROSTATE,,,,,,,,
Client 18,15,0.0,0.02,0.0,0.01,,2,99,14,prostate_logreg,non-IID,PROSTATE,,,,,,,,
Client 19,15,0.0,0.0,0.01,0.01,,2,99,14,prostate_logreg,non-IID,PROSTATE,,,,,,,,
Client 20,15,0.0,0.0,0.01,0.02,,2,99,14,prostate_logreg,non-IID,PROSTATE,,,,,,,,
Client 21,15,0.0,0.0,0.01,0.01,,2,103,14,prostate_logreg,non-IID,PROSTATE,,,,,,,,
Client 22,15,0.0,0.0,0.02,0.02,,2,97,14,prostate_logreg,non-IID,PROSTATE,,,,,,,,
Client 23,15,0.0,0.0,0.01,0.01,,2,102,14,prostate_logreg,non-IID,PROSTATE,,,,,,,,
Client 24,15,0.0,0.0,0.01,0.01,,2,102,14,prostate_logreg,non-IID,PROSTATE,,,,,,,,
Client 25,15,0.0,0.0,0.01,0.01,0.47,2,100,14,prostate_logreg,non-IID,PROSTATE,0.52,0.773,0.771,0.227,0.54,0.7457,0.7675,0.2543
Client 1,16,0.0,0.0,0.01,0.01,,2,97,14,prostate_logreg,non-IID,PROSTATE,,,,,,,,
Client 2,16,0.0,0.0,0.01,0.01,,2,97,14,prostate_logreg,non-IID,PROSTATE,,,,,,,,
Client 3,16,0.0,0.0,0.01,0.01,,2,100,14,prostate_logreg,non-IID,PROSTATE,,,,,,,,
Client 4,16,0.0,0.0,0.01,0.01,,2,104,14,prostate_logreg,non-IID,PROSTATE,,,,,,,,
Client 5,16,0.0,0.0,0.01,0.01,,2,100,14,prostate_logreg,non-IID,PROSTATE,,,,,,,,
Client 6,16,0.0,0.0,0.01,0.01,,2,100,14,prostate_logreg,non-IID,PROSTATE,,,,,,,,
Client 7,16,0.0,0.0,0.01,0.01,,2,102,14,prostate_logreg,non-IID,PROSTATE,,,,,,,,
Client 8,16,0.0,0.0,0.01,0.01,,2,101,14,prostate_logreg,non-IID,PROSTATE,,,,,,,,
Client 9,16,0.0,0.0,0.01,0.01,,2,102,14,prostate_logreg,non-IID,PROSTATE,,,,,,,,
Client 10,16,0.0,0.0,0.01,0.01,,2,97,14,prostate_logreg,non-IID,PROSTATE,,,,,,,,
Client 11,16,0.0,0.0,0.01,0.01,,2,103,14,prostate_logreg,non-IID,PROSTATE,,,,,,,,
Client 12,16,0.0,0.0,0.01,0.01,,2,101,14,prostate_logreg,non-IID,PROSTATE,,,,,,,,
Client 13,16,0.0,0.0,0.01,0.01,,2,100,14,prostate_logreg,non-IID,PROSTATE,,,,,,,,
Client 14,16,0.0,0.0,0.01,0.01,,2,95,14,prostate_logreg,non-IID,PROSTATE,,,,,,,,
Client 15,16,0.0,0.0,0.01,0.01,,2,99,14,prostate_logreg,non-IID,PROSTATE,,,,,,,,
Client 16,16,0.0,0.0,0.01,0.01,,2,101,14,prostate_logreg,non-IID,PROSTATE,,,,,,,,
Client 17,16,0.0,0.0,0.01,0.01,,2,99,14,prostate_logreg,non-IID,PROSTATE,,,,,,,,
Client 18,16,0.0,0.0,0.01,0.01,,2,102,14,prostate_logreg,non-IID,PROSTATE,,,,,,,,
Client 19,16,0.0,0.0,0.01,0.01,,2,98,14,prostate_logreg,non-IID,PROSTATE,,,,,,,,
Client 20,16,0.0,0.0,0.01,0.01,,2,102,14,prostate_logreg,non-IID,PROSTATE,,,,,,,,
Client 21,16,0.0,0.0,0.01,0.01,,2,102,14,prostate_logreg,non-IID,PROSTATE,,,,,,,,
Client 22,16,0.0,0.0,0.01,0.01,,2,102,14,prostate_logreg,non-IID,PROSTATE,,,,,,,,
Client 23,16,0.0,0.0,0.01,0.01,,2,104,14,prostate_logreg,non-IID,PROSTATE,,,,,,,,
Client 24,16,0.0,0.0,0.01,0.01,,2,101,14,prostate_logreg,non-IID,PROSTATE,,,,,,,,
Client 25,16,0.0,0.0,0.01,0.01,0.43,2,97,14,prostate_logreg,non-IID,PROSTATE,0.52,0.7799,0.7783,0.2201,0.54,0.7464,0.7684,0.2536
Client 1,17,0.0,0.0,0.01,0.01,,2,99,14,prostate_logreg,non-IID,PROSTATE,,,,,,,,
Client 2,17,0.0,0.0,0.01,0.01,,2,101,14,prostate_logreg,non-IID,PROSTATE,,,,,,,,
Client 3,17,0.0,0.0,0.01,0.01,,2,101,14,prostate_logreg,non-IID,PROSTATE,,,,,,,,
Client 4,17,0.0,0.0,0.01,0.01,,2,99,14,prostate_logreg,non-IID,PROSTATE,,,,,,,,
Client 5,17,0.0,0.0,0.01,0.01,,2,101,14,prostate_logreg,non-IID,PROSTATE,,,,,,,,
Client 6,17,0.0,0.0,0.01,0.01,,2,106,14,prostate_logreg,non-IID,PROSTATE,,,,,,,,
Client 7,17,0.0,0.0,0.01,0.01,,2,100,14,prostate_logreg,non-IID,PROSTATE,,,,,,,,
Client 8,17,0.0,0.0,0.01,0.01,,2,99,14,prostate_logreg,non-IID,PROSTATE,,,,,,,,
Client 9,17,0.0,0.0,0.01,0.01,,2,100,14,prostate_logreg,non-IID,PROSTATE,,,,,,,,
Client 10,17,0.0,0.0,0.01,0.01,,2,103,14,prostate_logreg,non-IID,PROSTATE,,,,,,,,
Client 11,17,0.0,0.0,0.01,0.01,,2,99,14,prostate_logreg,non-IID,PROSTATE,,,,,,,,
Client 12,17,0.0,0.0,0.01,0.01,,2,101,14,prostate_logreg,non-IID,PROSTATE,,,,,,,,
Client 13,17,0.0,0.0,0.01,0.01,,2,98,14,prostate_logreg,non-IID,PROSTATE,,,,,,,,
Client 14,17,0.0,0.0,0.01,0.01,,2,100,14,prostate_logreg,non-IID,PROSTATE,,,,,,,,
Client 15,17,0.0,0.0,0.02,0.01,,2,99,14,prostate_logreg,non-IID,PROSTATE,,,,,,,,
Client 16,17,0.0,0.0,0.01,0.01,,2,97,14,prostate_logreg,non-IID,PROSTATE,,,,,,,,
Client 17,17,0.0,0.0,0.01,0.01,,2,99,14,prostate_logreg,non-IID,PROSTATE,,,,,,,,
Client 18,17,0.0,0.0,0.01,0.01,,2,100,14,prostate_logreg,non-IID,PROSTATE,,,,,,,,
Client 19,17,0.0,0.0,0.01,0.01,,2,100,14,prostate_logreg,non-IID,PROSTATE,,,,,,,,
Client 20,17,0.0,0.0,0.01,0.01,,2,102,14,prostate_logreg,non-IID,PROSTATE,,,,,,,,
Client 21,17,0.0,0.0,0.01,0.01,,2,104,14,prostate_logreg,non-IID,PROSTATE,,,,,,,,
Client 22,17,0.0,0.0,0.01,0.01,,2,104,14,prostate_logreg,non-IID,PROSTATE,,,,,,,,
Client 23,17,0.0,0.0,0.02,0.03,,2,101,14,prostate_logreg,non-IID,PROSTATE,,,,,,,,
Client 24,17,0.0,0.0,0.01,0.01,,2,99,14,prostate_logreg,non-IID,PROSTATE,,,,,,,,
Client 25,17,0.0,0.0,0.01,0.01,0.46,2,102,14,prostate_logreg,non-IID,PROSTATE,0.52,0.7735,0.772,0.2265,0.54,0.7462,0.7684,0.2538
Client 1,18,0.0,0.0,0.0,0.01,,2,100,14,prostate_logreg,non-IID,PROSTATE,,,,,,,,
Client 2,18,0.0,0.13,0.0,0.01,,2,99,14,prostate_logreg,non-IID,PROSTATE,,,,,,,,
Client 3,18,0.0,0.0,0.0,0.01,,2,98,14,prostate_logreg,non-IID,PROSTATE,,,,,,,,
Client 4,18,0.0,0.0,0.0,0.01,,2,98,14,prostate_logreg,non-IID,PROSTATE,,,,,,,,
Client 5,18,0.0,0.0,0.0,0.01,,2,102,14,prostate_logreg,non-IID,PROSTATE,,,,,,,,
Client 6,18,0.0,0.01,0.0,0.01,,2,101,14,prostate_logreg,non-IID,PROSTATE,,,,,,,,
Client 7,18,0.0,0.01,0.0,0.01,,2,104,14,prostate_logreg,non-IID,PROSTATE,,,,,,,,
Client 8,18,0.0,0.04,0.0,0.01,,2,99,14,prostate_logreg,non-IID,PROSTATE,,,,,,,,
Client 9,18,0.0,0.0,0.0,0.01,,2,99,14,prostate_logreg,non-IID,PROSTATE,,,,,,,,
Client 10,18,0.0,0.0,0.0,0.01,,2,98,14,prostate_logreg,non-IID,PROSTATE,,,,,,,,
Client 11,18,0.0,0.02,0.0,0.01,,2,102,14,prostate_logreg,non-IID,PROSTATE,,,,,,,,
Client 12,18,0.0,0.03,0.0,0.01,,2,99,14,prostate_logreg,non-IID,PROSTATE,,,,,,,,
Client 13,18,0.0,0.0,0.0,0.01,,2,105,14,prostate_logreg,non-IID,PROSTATE,,,,,,,,
Client 14,18,0.0,0.0,0.0,0.02,,2,100,14,prostate_logreg,non-IID,PROSTATE,,,,,,,,
Client 15,18,0.0,0.04,0.0,0.01,,2,103,14,prostate_logreg,non-IID,PROSTATE,,,,,,,,
Client 16,18,0.0,0.04,0.0,0.01,,2,97,14,prostate_logreg,non-IID,PROSTATE,,,,,,,,
Client 17,18,0.0,0.0,0.0,0.01,,2,97,14,prostate_logreg,non-IID,PROSTATE,,,,,,,,
Client 18,18,0.0,0.03,0.0,0.01,,2,99,14,prostate_logreg,non-IID,PROSTATE,,,,,,,,
Client 19,18,0.0,0.0,0.0,0.01,,2,103,14,prostate_logreg,non-IID,PROSTATE,,,,,,,,
Client 20,18,0.0,0.05,0.0,0.01,,2,98,14,prostate_logreg,non-IID,PROSTATE,,,,,,,,
Client 21,18,0.0,0.02,0.0,0.01,,2,101,14,prostate_logreg,non-IID,PROSTATE,,,,,,,,
Client 22,18,0.0,0.01,0.0,0.02,,2,104,14,prostate_logreg,non-IID,PROSTATE,,,,,,,,
Client 23,18,0.0,0.0,0.0,0.01,,2,98,14,prostate_logreg,non-IID,PROSTATE,,,,,,,,
Client 24,18,0.0,0.06,0.0,0.01,,2,99,14,prostate_logreg,non-IID,PROSTATE,,,,,,,,
Client 25,18,0.0,0.07,0.0,0.01,0.36,2,103,14,prostate_logreg,non-IID,PROSTATE,0.52,0.7638,0.747,0.2362,0.54,0.7499,0.7705,0.2501
Client 1,19,0.0,0.0,0.0,0.02,,2,103,14,prostate_logreg,non-IID,PROSTATE,,,,,,,,
Client 2,19,0.0,0.13,0.0,0.01,,2,96,14,prostate_logreg,non-IID,PROSTATE,,,,,,,,
Client 3,19,0.0,0.0,0.0,0.01,,2,100,14,prostate_logreg,non-IID,PROSTATE,,,,,,,,
Client 4,19,0.0,0.0,0.0,0.01,,2,102,14,prostate_logreg,non-IID,PROSTATE,,,,,,,,
Client 5,19,0.0,0.0,0.0,0.01,,2,103,14,prostate_logreg,non-IID,PROSTATE,,,,,,,,
Client 6,19,0.0,0.0,0.0,0.02,,2,103,14,prostate_logreg,non-IID,PROSTATE,,,,,,,,
Client 7,19,0.0,0.0,0.0,0.01,,2,103,14,prostate_logreg,non-IID,PROSTATE,,,,,,,,
Client 8,19,0.0,0.03,0.0,0.01,,2,102,14,prostate_logreg,non-IID,PROSTATE,,,,,,,,
Client 9,19,0.0,0.0,0.0,0.01,,2,101,14,prostate_logreg,non-IID,PROSTATE,,,,,,,,
Client 10,19,0.0,0.0,0.0,0.01,,2,98,14,prostate_logreg,non-IID,PROSTATE,,,,,,,,
Client 11,19,0.0,0.03,0.0,0.01,,2,102,14,prostate_logreg,non-IID,PROSTATE,,,,,,,,
Client 12,19,0.0,0.0,0.01,0.01,,2,97,14,prostate_logreg,non-IID,PROSTATE,,,,,,,,
Client 13,19,0.0,0.0,0.0,0.02,,2,99,14,prostate_logreg,non-IID,PROSTATE,,,,,,,,
Client 14,19,0.0,0.0,0.02,0.01,,2,99,14,prostate_logreg,non-IID,PROSTATE,,,,,,,,
Client 15,19,0.0,0.0,0.01,0.01,,2,104,14,prostate_logreg,non-IID,PROSTATE,,,,,,,,
Client 16,19,0.0,0.0,0.01,0.01,,2,99,14,prostate_logreg,non-IID,PROSTATE,,,,,,,,
Client 17,19,0.0,0.0,0.01,0.01,,2,103,14,prostate_logreg,non-IID,PROSTATE,,,,,,,,
Client 18,19,0.0,0.0,0.01,0.01,,2,97,14,prostate_logreg,non-IID,PROSTATE,,,,,,,,
Client 19,19,0.0,0.0,0.01,0.01,,2,104,14,prostate_logreg,non-IID,PROSTATE,,,,,,,,
Client 20,19,0.0,0.03,0.0,0.01,,2,96,14,prostate_logreg,non-IID,PROSTATE,,,,,,,,
Client 21,19,0.0,0.0,0.01,0.01,,2,106,14,prostate_logreg,non-IID,PROSTATE,,,,,,,,
Client 22,19,0.0,0.0,0.0,0.01,,2,102,14,prostate_logreg,non-IID,PROSTATE,,,,,,,,
Client 23,19,0.0,0.0,0.01,0.02,,2,96,14,prostate_logreg,non-IID,PROSTATE,,,,,,,,
Client 24,19,0.0,0.0,0.01,0.01,,2,99,14,prostate_logreg,non-IID,PROSTATE,,,,,,,,
Client 25,19,0.0,0.0,0.01,0.01,,2,97,14,prostate_logreg,non-IID,PROSTATE,,,,,,,,
Client 26,19,0.05,0.0,0.01,0.01,,1,57,14,prostate_logreg,non-IID,PROSTATE,,,,,,,,
Client 27,19,0.0,0.04,0.0,0.03,,1,59,14,prostate_logreg,non-IID,PROSTATE,,,,,,,,
Client 28,19,0.0,0.0,0.06,0.01,,1,55,14,prostate_logreg,non-IID,PROSTATE,,,,,,,,
Client 29,19,0.0,0.0,0.01,0.01,,1,60,14,prostate_logreg,non-IID,PROSTATE,,,,,,,,
Client 30,19,0.05,0.01,0.0,0.01,,1,59,14,prostate_logreg,non-IID,PROSTATE,,,,,,,,
Client 31,19,0.0,0.14,0.0,0.01,,1,63,14,prostate_logreg,non-IID,PROSTATE,,,,,,,,
Client 32,19,0.0,0.0,0.06,0.01,,1,59,14,prostate_logreg,non-IID,PROSTATE,,,,,,,,
Client 33,19,0.0,0.0,0.01,0.06,,1,51,14,prostate_logreg,non-IID,PROSTATE,,,,,,,,
Client 34,19,0.0,0.0,0.06,0.01,,1,56,14,prostate_logreg,non-IID,PROSTATE,,,,,,,,
Client 35,19,0.0,0.0,0.01,0.06,,1,52,14,prostate_logreg,non-IID,PROSTATE,,,,,,,,
Client 36,19,0.0,0.0,0.01,0.06,,1,53,14,prostate_logreg,non-IID,PROSTATE,,,,,,,,
Client 37,19,0.0,0.0,0.0,0.06,,1,59,14,prostate_logreg,non-IID,PROSTATE,,,,,,,,
Client 38,19,0.0,0.21,0.0,0.06,,1,58,14,prostate_logreg,non-IID,PROSTATE,,,,,,,,
Client 39,19,0.0,0.09,0.0,0.01,,1,63,14,prostate_logreg,non-IID,PROSTATE,,,,,,,,
Client 40,19,0.0,0.04,0.0,0.07,0.50,1,55,14,prostate_logreg,non-IID,PROSTATE,0.5,0.7804,0.7669,0.2196,0.54,0.7501,0.7701,0.2499
