Client ID,FL Round,Training Time,JSD,HDH Time,Communication Time,Total Time of FL Round,# of CPU,CPU Usage (%),RAM Usage (%),Model Type,Data Distr. Type,Dataset,Train Loss,Train Accuracy,Train F1,Train MAE,Val Loss,Val Accuracy,Val F1,Val MAE
Client 1,1,0.0,0.0,0.0,0.36,,2,99,14,prostate_logreg,non-IID,PROSTATE,,,,,,,,
Client 2,1,0.0,0.12,0.0,0.36,,2,102,14,prostate_logreg,non-IID,PROSTATE,,,,,,,,
Client 3,1,0.0,0.0,0.0,0.35,,2,100,14,prostate_logreg,non-IID,PROSTATE,,,,,,,,
Client 4,1,0.0,0.0,0.0,0.37,,2,101,14,prostate_logreg,non-IID,PROSTATE,,,,,,,,
Client 5,1,0.0,0.0,0.0,0.02,,2,98,14,prostate_logreg,non-IID,PROSTATE,,,,,,,,
Client 6,1,0.0,0.0,0.0,0.01,,2,102,14,prostate_logreg,non-IID,PROSTATE,,,,,,,,
Client 7,1,0.0,0.0,0.0,0.01,,2,101,14,prostate_logreg,non-IID,PROSTATE,,,,,,,,
Client 8,1,0.0,0.02,0.0,0.01,,2,101,14,prostate_logreg,non-IID,PROSTATE,,,,,,,,
Client 9,1,0.0,0.0,0.0,0.01,,2,102,14,prostate_logreg,non-IID,PROSTATE,,,,,,,,
Client 10,1,0.0,0.0,0.0,0.01,,2,99,14,prostate_logreg,non-IID,PROSTATE,,,,,,,,
Client 11,1,0.0,0.02,0.0,0.01,,2,99,14,prostate_logreg,non-IID,PROSTATE,,,,,,,,
Client 12,1,0.0,0.02,0.0,0.01,,2,102,14,prostate_logreg,non-IID,PROSTATE,,,,,,,,
Client 13,1,0.01,0.0,0.0,0.03,,2,101,14,prostate_logreg,non-IID,PROSTATE,,,,,,,,
Client 14,1,0.0,0.0,0.0,0.01,,2,101,14,prostate_logreg,non-IID,PROSTATE,,,,,,,,
Client 15,1,0.0,0.04,0.0,0.01,1.66,2,101,14,prostate_logreg,non-IID,PROSTATE,0.7,0.513,0.4728,0.487,0.71,0.4863,0.4552,0.5137
Client 1,2,0.0,0.0,0.0,0.02,,2,99,14,prostate_logreg,non-IID,PROSTATE,,,,,,,,
Client 2,2,0.0,0.12,0.0,0.01,,2,107,14,prostate_logreg,non-IID,PROSTATE,,,,,,,,
Client 3,2,0.0,0.0,0.0,0.01,,2,117,14,prostate_logreg,non-IID,PROSTATE,,,,,,,,
Client 4,2,0.0,0.0,0.0,0.01,,2,63,14,prostate_logreg,non-IID,PROSTATE,,,,,,,,
Client 5,2,0.0,0.0,0.0,0.02,,2,150,14,prostate_logreg,non-IID,PROSTATE,,,,,,,,
Client 6,2,0.0,0.0,0.0,0.01,,2,112,14,prostate_logreg,non-IID,PROSTATE,,,,,,,,
Client 7,2,0.0,0.0,0.0,0.01,,2,64,14,prostate_logreg,non-IID,PROSTATE,,,,,,,,
Client 8,2,0.0,0.02,0.0,0.01,,2,122,14,prostate_logreg,non-IID,PROSTATE,,,,,,,,
Client 9,2,0.0,0.0,0.0,0.01,,2,114,14,prostate_logreg,non-IID,PROSTATE,,,,,,,,
Client 10,2,0.0,0.0,0.0,0.01,,2,65,14,prostate_logreg,non-IID,PROSTATE,,,,,,,,
Client 11,2,0.0,0.02,0.0,0.01,,2,57,14,prostate_logreg,non-IID,PROSTATE,,,,,,,,
Client 12,2,0.0,0.02,0.0,0.02,,2,102,14,prostate_logreg,non-IID,PROSTATE,,,,,,,,
Client 13,2,0.0,0.0,0.0,0.01,,2,115,14,prostate_logreg,non-IID,PROSTATE,,,,,,,,
Client 14,2,0.0,0.0,0.0,0.01,,2,135,14,prostate_logreg,non-IID,PROSTATE,,,,,,,,
Client 15,2,0.0,0.04,0.0,0.02,,2,113,14,prostate_logreg,non-IID,PROSTATE,,,,,,,,
Client 16,2,0.0,0.04,0.0,0.02,,1,81,14,prostate_logreg,non-IID,PROSTATE,,,,,,,,
Client 17,2,0.01,0.0,0.0,0.02,,1,84,14,prostate_logreg,non-IID,PROSTATE,,,,,,,,
Client 18,2,0.0,0.02,0.0,0.01,,1,100,14,prostate_logreg,non-IID,PROSTATE,,,,,,,,
Client 19,2,0.01,0.0,0.0,0.72,,1,53,14,prostate_logreg,non-IID,PROSTATE,,,,,,,,
Client 20,2,0.0,0.02,0.0,0.02,,1,124,14,prostate_logreg,non-IID,PROSTATE,,,,,,,,
Client 21,2,0.0,0.02,0.0,0.01,,1,91,14,prostate_logreg,non-IID,PROSTATE,,,,,,,,
Client 22,2,0.0,0.0,0.0,0.01,,1,48,14,prostate_logreg,non-IID,PROSTATE,,,,,,,,
Client 23,2,0.0,0.0,0.0,0.02,,1,84,14,prostate_logreg,non-IID,PROSTATE,,,,,,,,
Client 24,2,0.0,0.04,0.0,0.01,,1,100,14,prostate_logreg,non-IID,PROSTATE,,,,,,,,
Client 25,2,0.0,0.05,0.0,0.02,,1,125,14,prostate_logreg,non-IID,PROSTATE,,,,,,,,
Client 26,2,0.01,0.02,0.0,0.02,,1,125,14,prostate_logreg,non-IID,PROSTATE,,,,,,,,
Client 27,2,0.0,0.04,0.0,0.01,,1,99,14,prostate_logreg,non-IID,PROSTATE,,,,,,,,
Client 28,2,0.0,0.04,0.0,0.01,,1,109,14,prostate_logreg,non-IID,PROSTATE,,,,,,,,
Client 29,2,0.01,0.0,0.0,0.02,,1,148,14,prostate_logreg,non-IID,PROSTATE,,,,,,,,
Client 30,2,0.0,0.0,0.0,0.01,,1,102,14,prostate_logreg,non-IID,PROSTATE,,,,,,,,
Client 31,2,0.0,0.0,0.0,0.01,,1,96,14,prostate_logreg,non-IID,PROSTATE,,,,,,,,
Client 32,2,0.0,0.0,0.0,0.01,,1,106,14,prostate_logreg,non-IID,PROSTATE,,,,,,,,
Client 33,2,0.0,0.0,0.0,0.02,,1,129,14,prostate_logreg,non-IID,PROSTATE,,,,,,,,
Client 34,2,0.0,0.0,0.0,0.63,,1,54,14,prostate_logreg,non-IID,PROSTATE,,,,,,,,
Client 35,2,0.0,0.0,0.0,0.77,,1,54,14,prostate_logreg,non-IID,PROSTATE,,,,,,,,
Client 36,2,0.0,0.02,0.0,0.02,,1,116,14,prostate_logreg,non-IID,PROSTATE,,,,,,,,
Client 37,2,0.0,0.02,0.0,0.01,,1,96,14,prostate_logreg,non-IID,PROSTATE,,,,,,,,
Client 38,2,0.01,0.02,0.0,0.69,,1,54,14,prostate_logreg,non-IID,PROSTATE,,,,,,,,
Client 39,2,0.0,0.12,0.0,0.02,,1,94,14,prostate_logreg,non-IID,PROSTATE,,,,,,,,
Client 40,2,0.0,0.04,0.0,0.79,0.83,1,52,14,prostate_logreg,non-IID,PROSTATE,0.66,0.6137,0.5491,0.3863,0.67,0.5891,0.5432,0.4109
Client 1,3,0.0,0.0,0.0,0.02,,2,95,14,prostate_logreg,non-IID,PROSTATE,,,,,,,,
Client 2,3,0.0,0.12,0.0,0.02,,2,52,14,prostate_logreg,non-IID,PROSTATE,,,,,,,,
Client 3,3,0.0,0.0,0.0,0.01,,2,59,14,prostate_logreg,non-IID,PROSTATE,,,,,,,,
Client 4,3,0.0,0.0,0.0,0.01,,2,132,14,prostate_logreg,non-IID,PROSTATE,,,,,,,,
Client 5,3,0.0,0.0,0.0,0.01,,2,122,14,prostate_logreg,non-IID,PROSTATE,,,,,,,,
Client 6,3,0.0,0.0,0.0,0.01,,2,113,14,prostate_logreg,non-IID,PROSTATE,,,,,,,,
Client 7,3,0.0,0.0,0.0,0.02,,2,103,14,prostate_logreg,non-IID,PROSTATE,,,,,,,,
Client 8,3,0.0,0.02,0.0,0.01,,2,58,14,prostate_logreg,non-IID,PROSTATE,,,,,,,,
Client 9,3,0.0,0.0,0.0,0.01,,2,123,14,prostate_logreg,non-IID,PROSTATE,,,,,,,,
Client 10,3,0.0,0.0,0.0,0.01,,2,68,14,prostate_logreg,non-IID,PROSTATE,,,,,,,,
Client 11,3,0.0,0.02,0.0,0.01,,2,113,14,prostate_logreg,non-IID,PROSTATE,,,,,,,,
Client 12,3,0.0,0.02,0.0,0.02,,2,97,14,prostate_logreg,non-IID,PROSTATE,,,,,,,,
Client 13,3,0.0,0.0,0.0,0.02,,2,144,14,prostate_logreg,non-IID,PROSTATE,,,,,,,,
Client 14,3,0.0,0.0,0.0,0.01,,2,134,14,prostate_logreg,non-IID,PROSTATE,,,,,,,,
Client 15,3,0.0,0.04,0.0,0.01,,2,67,14,prostate_logreg,non-IID,PROSTATE,,,,,,,,
Client 16,3,0.0,0.04,0.0,0.01,,1,132,14,prostate_logreg,non-IID,PROSTATE,,,,,,,,
Client 17,3,0.0,0.0,0.0,0.01,,1,121,14,prostate_logreg,non-IID,PROSTATE,,,,,,,,
Client 18,3,0.0,0.02,0.0,0.01,,1,114,14,prostate_logreg,non-IID,PROSTATE,,,,,,,,
Client 19,3,0.0,0.0,0.0,0.01,,1,63,14,prostate_logreg,non-IID,PROSTATE,,,,,,,,
Client 20,3,0.0,0.02,0.0,0.02,,1,97,14,prostate_logreg,non-IID,PROSTATE,,,,,,,,
Client 21,3,0.0,0.02,0.0,0.01,,1,116,14,prostate_logreg,non-IID,PROSTATE,,,,,,,,
Client 22,3,0.0,0.0,0.0,0.01,,1,120,14,prostate_logreg,non-IID,PROSTATE,,,,,,,,
Client 23,3,0.0,0.0,0.0,0.02,,1,102,14,prostate_logreg,non-IID,PROSTATE,,,,,,,,
Client 24,3,0.0,0.04,0.0,0.01,,1,123,14,prostate_logreg,non-IID,PROSTATE,,,,,,,,
Client 25,3,0.0,0.05,0.0,0.02,,1,51,14,prostate_logreg,non-IID,PROSTATE,,,,,,,,
Client 26,3,0.0,0.02,0.0,0.02,,1,100,14,prostate_logreg,non-IID,PROSTATE,,,,,,,,
Client 27,3,0.0,0.04,0.0,0.01,,1,63,14,prostate_logreg,non-IID,PROSTATE,,,,,,,,
Client 28,3,0.0,0.04,0.0,0.01,,1,68,14,prostate_logreg,non-IID,PROSTATE,,,,,,,,
Client 29,3,0.0,0.0,0.0,0.02,,1,135,14,prostate_logreg,non-IID,PROSTATE,,,,,,,,
Client 30,3,0.0,0.0,0.0,0.01,,1,128,14,prostate_logreg,non-IID,PROSTATE,,,,,,,,
Client 31,3,0.0,0.0,0.0,0.02,,1,108,14,prostate_logreg,non-IID,PROSTATE,,,,,,,,
Client 32,3,0.0,0.0,0.0,0.01,,1,62,14,prostate_logreg,non-IID,PROSTATE,,,,,,,,
Client 33,3,0.0,0.0,0.0,0.01,,1,140,14,prostate_logreg,non-IID,PROSTATE,,,,,,,,
Client 34,3,0.0,0.0,0.0,0.01,,1,110,14,prostate_logreg,non-IID,PROSTATE,,,,,,,,
Client 35,3,0.0,0.0,0.0,0.01,,1,127,14,prostate_logreg,non-IID,PROSTATE,,,,,,,,
Client 36,3,0.0,0.02,0.0,0.02,,1,104,14,prostate_logreg,non-IID,PROSTATE,,,,,,,,
Client 37,3,0.0,0.02,0.0,0.01,,1,127,14,prostate_logreg,non-IID,PROSTATE,,,,,,,,
Client 38,3,0.0,0.02,0.0,0.02,,1,97,14,prostate_logreg,non-IID,PROSTATE,,,,,,,,
Client 39,3,0.0,0.12,0.0,0.01,,1,120,14,prostate_logreg,non-IID,PROSTATE,,,,,,,,
Client 40,3,0.0,0.04,0.0,0.01,0.11,1,137,14,prostate_logreg,non-IID,PROSTATE,0.63,0.6966,0.643,0.3034,0.64,0.6687,0.6264,0.3313
Client 1,4,0.0,0.0,0.0,0.02,,2,129,14,prostate_logreg,non-IID,PROSTATE,,,,,,,,
Client 2,4,0.0,0.12,0.0,0.02,,2,100,14,prostate_logreg,non-IID,PROSTATE,,,,,,,,
Client 3,4,0.0,0.0,0.0,0.01,,2,118,14,prostate_logreg,non-IID,PROSTATE,,,,,,,,
Client 4,4,0.0,0.0,0.0,0.01,,2,133,14,prostate_logreg,non-IID,PROSTATE,,,,,,,,
Client 5,4,0.0,0.0,0.0,0.02,,2,99,14,prostate_logreg,non-IID,PROSTATE,,,,,,,,
Client 6,4,0.0,0.0,0.0,0.02,,2,116,14,prostate_logreg,non-IID,PROSTATE,,,,,,,,
Client 7,4,0.0,0.0,0.0,0.01,,2,107,14,prostate_logreg,non-IID,PROSTATE,,,,,,,,
Client 8,4,0.0,0.02,0.0,0.01,,2,62,14,prostate_logreg,non-IID,PROSTATE,,,,,,,,
Client 9,4,0.0,0.0,0.0,0.01,,2,113,14,prostate_logreg,non-IID,PROSTATE,,,,,,,,
Client 10,4,0.0,0.0,0.0,0.01,,2,60,14,prostate_logreg,non-IID,PROSTATE,,,,,,,,
Client 11,4,0.0,0.02,0.0,0.01,,2,63,14,prostate_logreg,non-IID,PROSTATE,,,,,,,,
Client 12,4,0.0,0.02,0.0,0.01,,2,60,14,prostate_logreg,non-IID,PROSTATE,,,,,,,,
Client 13,4,0.0,0.0,0.0,0.01,,2,58,14,prostate_logreg,non-IID,PROSTATE,,,,,,,,
Client 14,4,0.0,0.0,0.0,0.01,,2,123,14,prostate_logreg,non-IID,PROSTATE,,,,,,,,
Client 15,4,0.0,0.04,0.0,0.01,,2,53,14,prostate_logreg,non-IID,PROSTATE,,,,,,,,
Client 16,4,0.0,0.04,0.0,0.01,,1,134,14,prostate_logreg,non-IID,PROSTATE,,,,,,,,
Client 17,4,0.0,0.0,0.0,0.01,,1,138,14,prostate_logreg,non-IID,PROSTATE,,,,,,,,
Client 18,4,0.0,0.02,0.0,0.01,,1,138,14,prostate_logreg,non-IID,PROSTATE,,,,,,,,
Client 19,4,0.0,0.0,0.0,0.02,,1,89,14,prostate_logreg,non-IID,PROSTATE,,,,,,,,
Client 20,4,0.0,0.02,0.0,0.02,,1,103,14,prostate_logreg,non-IID,PROSTATE,,,,,,,,
Client 21,4,0.0,0.02,0.0,0.01,,1,113,14,prostate_logreg,non-IID,PROSTATE,,,,,,,,
Client 22,4,0.0,0.0,0.0,0.01,,1,127,14,prostate_logreg,non-IID,PROSTATE,,,,,,,,
Client 23,4,0.0,0.0,0.0,0.01,,1,68,14,prostate_logreg,non-IID,PROSTATE,,,,,,,,
Client 24,4,0.0,0.04,0.0,0.01,,1,123,14,prostate_logreg,non-IID,PROSTATE,,,,,,,,
Client 25,4,0.0,0.05,0.0,0.02,,1,102,14,prostate_logreg,non-IID,PROSTATE,,,,,,,,
Client 26,4,0.0,0.02,0.0,0.02,,1,105,14,prostate_logreg,non-IID,PROSTATE,,,,,,,,
Client 27,4,0.0,0.04,0.0,0.01,,1,69,14,prostate_logreg,non-IID,PROSTATE,,,,,,,,
Client 28,4,0.0,0.04,0.0,0.01,,1,70,14,prostate_logreg,non-IID,PROSTATE,,,,,,,,
Client 29,4,0.0,0.0,0.0,0.02,,1,106,14,prostate_logreg,non-IID,PROSTATE,,,,,,,,
Client 30,4,0.0,0.0,0.0,0.01,,1,70,14,prostate_logreg,non-IID,PROSTATE,,,,,,,,
Client 31,4,0.0,0.0,0.0,0.01,,1,112,14,prostate_logreg,non-IID,PROSTATE,,,,,,,,
Client 32,4,0.0,0.0,0.0,0.01,,1,64,14,prostate_logreg,non-IID,PROSTATE,,,,,,,,
Client 33,4,0.0,0.0,0.0,0.01,,1,75,14,prostate_logreg,non-IID,PROSTATE,,,,,,,,
Client 34,4,0.0,0.0,0.0,0.01,,1,129,14,prostate_logreg,non-IID,PROSTATE,,,,,,,,
Client 35,4,0.0,0.0,0.0,0.01,,1,120,14,prostate_logreg,non-IID,PROSTATE,,,,,,,,
Client 36,4,0.0,0.02,0.0,0.01,,1,58,14,prostate_logreg,non-IID,PROSTATE,,,,,,,,
Client 37,4,0.0,0.02,0.0,0.01,,1,130,14,prostate_logreg,non-IID,PROSTATE,,,,,,,,
Client 38,4,0.0,0.02,0.0,0.02,,1,100,14,prostate_logreg,non-IID,PROSTATE,,,,,,,,
Client 39,4,0.0,0.12,0.0,0.02,,1,115,14,prostate_logreg,non-IID,PROSTATE,,,,,,,,
Client 40,4,0.0,0.04,0.0,0.01,0.16,1,132,14,prostate_logreg,non-IID,PROSTATE,0.61,0.7407,0.7051,0.2593,0.62,0.7189,0.6896,0.2811
Client 1,5,0.0,0.0,0.0,0.02,,2,106,14,prostate_logreg,non-IID,PROSTATE,,,,,,,,
Client 2,5,0.0,0.12,0.0,0.02,,2,52,14,prostate_logreg,non-IID,PROSTATE,,,,,,,,
Client 3,5,0.0,0.0,0.0,0.01,,2,125,14,prostate_logreg,non-IID,PROSTATE,,,,,,,,
Client 4,5,0.0,0.0,0.0,0.01,,2,74,14,prostate_logreg,non-IID,PROSTATE,,,,,,,,
Client 5,5,0.0,0.0,0.0,0.01,,2,123,14,prostate_logreg,non-IID,PROSTATE,,,,,,,,
Client 6,5,0.0,0.0,0.0,0.02,,2,118,14,prostate_logreg,non-IID,PROSTATE,,,,,,,,
Client 7,5,0.0,0.0,0.0,0.01,,2,109,14,prostate_logreg,non-IID,PROSTATE,,,,,,,,
Client 8,5,0.0,0.02,0.0,0.01,,2,68,14,prostate_logreg,non-IID,PROSTATE,,,,,,,,
Client 9,5,0.0,0.0,0.0,0.01,,2,133,14,prostate_logreg,non-IID,PROSTATE,,,,,,,,
Client 10,5,0.0,0.0,0.0,0.01,,2,67,14,prostate_logreg,non-IID,PROSTATE,,,,,,,,
Client 11,5,0.0,0.02,0.0,0.02,,2,103,14,prostate_logreg,non-IID,PROSTATE,,,,,,,,
Client 12,5,0.0,0.02,0.0,0.02,,2,103,14,prostate_logreg,non-IID,PROSTATE,,,,,,,,
Client 13,5,0.0,0.0,0.0,0.01,,2,58,14,prostate_logreg,non-IID,PROSTATE,,,,,,,,
Client 14,5,0.0,0.0,0.0,0.01,,2,116,14,prostate_logreg,non-IID,PROSTATE,,,,,,,,
Client 15,5,0.0,0.04,0.0,0.01,,2,125,14,prostate_logreg,non-IID,PROSTATE,,,,,,,,
Client 16,5,0.0,0.04,0.0,0.01,,1,70,14,prostate_logreg,non-IID,PROSTATE,,,,,,,,
Client 17,5,0.0,0.0,0.0,0.01,,1,134,14,prostate_logreg,non-IID,PROSTATE,,,,,,,,
Client 18,5,0.0,0.02,0.0,0.01,,1,122,14,prostate_logreg,non-IID,PROSTATE,,,,,,,,
Client 19,5,0.0,0.0,0.0,0.01,,1,67,14,prostate_logreg,non-IID,PROSTATE,,,,,,,,
Client 20,5,0.0,0.02,0.0,0.01,,1,108,14,prostate_logreg,non-IID,PROSTATE,,,,,,,,
Client 21,5,0.0,0.02,0.0,0.01,,1,138,14,prostate_logreg,non-IID,PROSTATE,,,,,,,,
Client 22,5,0.0,0.0,0.0,0.01,,1,74,14,prostate_logreg,non-IID,PROSTATE,,,,,,,,
Client 23,5,0.0,0.0,0.0,0.01,,1,75,14,prostate_logreg,non-IID,PROSTATE,,,,,,,,
Client 24,5,0.0,0.04,0.0,0.01,,1,136,14,prostate_logreg,non-IID,PROSTATE,,,,,,,,
Client 25,5,0.0,0.05,0.0,0.01,,1,109,14,prostate_logreg,non-IID,PROSTATE,,,,,,,,
Client 26,5,0.0,0.02,0.0,0.02,,1,100,14,prostate_logreg,non-IID,PROSTATE,,,,,,,,
Client 27,5,0.0,0.04,0.0,0.01,,1,67,14,prostate_logreg,non-IID,PROSTATE,,,,,,,,
Client 28,5,0.0,0.04,0.0,0.01,,1,70,14,prostate_logreg,non-IID,PROSTATE,,,,,,,,
Client 29,5,0.0,0.0,0.0,0.02,,1,97,14,prostate_logreg,non-IID,PROSTATE,,,,,,,,
Client 30,5,0.0,0.0,0.0,0.01,,1,65,14,prostate_logreg,non-IID,PROSTATE,,,,,,,,
Client 31,5,0.0,0.0,0.0,0.01,,1,136,14,prostate_logreg,non-IID,PROSTATE,,,,,,,,
Client 32,5,0.0,0.0,0.0,0.01,,1,123,14,prostate_logreg,non-IID,PROSTATE,,,,,,,,
Client 33,5,0.0,0.0,0.0,0.01,,1,65,14,prostate_logreg,non-IID,PROSTATE,,,,,,,,
Client 34,5,0.0,0.0,0.0,0.01,,1,112,14,prostate_logreg,non-IID,PROSTATE,,,,,,,,
Client 35,5,0.0,0.0,0.0,0.01,,1,60,14,prostate_logreg,non-IID,PROSTATE,,,,,,,,
Client 36,5,0.0,0.02,0.0,0.01,,1,128,14,prostate_logreg,non-IID,PROSTATE,,,,,,,,
Client 37,5,0.0,0.02,0.0,0.01,,1,131,14,prostate_logreg,non-IID,PROSTATE,,,,,,,,
Client 38,5,0.0,0.02,0.0,0.01,,1,106,14,prostate_logreg,non-IID,PROSTATE,,,,,,,,
Client 39,5,0.0,0.12,0.0,0.02,,1,120,14,prostate_logreg,non-IID,PROSTATE,,,,,,,,
Client 40,5,0.0,0.04,0.0,0.01,0.11,1,131,14,prostate_logreg,non-IID,PROSTATE,0.59,0.7638,0.735,0.2362,0.6,0.7457,0.7228,0.2543
Client 1,6,0.0,0.0,0.0,0.02,,2,102,14,prostate_logreg,non-IID,PROSTATE,,,,,,,,
Client 2,6,0.0,0.12,0.0,0.01,,2,107,14,prostate_logreg,non-IID,PROSTATE,,,,,,,,
Client 3,6,0.0,0.0,0.0,0.01,,2,119,14,prostate_logreg,non-IID,PROSTATE,,,,,,,,
Client 4,6,0.0,0.0,0.0,0.01,,2,62,14,prostate_logreg,non-IID,PROSTATE,,,,,,,,
Client 5,6,0.0,0.0,0.0,0.02,,2,109,14,prostate_logreg,non-IID,PROSTATE,,,,,,,,
Client 6,6,0.0,0.0,0.0,0.01,,2,109,14,prostate_logreg,non-IID,PROSTATE,,,,,,,,
Client 7,6,0.0,0.0,0.0,0.01,,2,134,14,prostate_logreg,non-IID,PROSTATE,,,,,,,,
Client 8,6,0.0,0.02,0.0,0.01,,2,58,14,prostate_logreg,non-IID,PROSTATE,,,,,,,,
Client 9,6,0.0,0.0,0.0,0.01,,2,116,14,prostate_logreg,non-IID,PROSTATE,,,,,,,,
Client 10,6,0.0,0.0,0.0,0.02,,2,112,14,prostate_logreg,non-IID,PROSTATE,,,,,,,,
Client 11,6,0.0,0.02,0.0,0.01,,2,121,14,prostate_logreg,non-IID,PROSTATE,,,,,,,,
Client 12,6,0.0,0.02,0.0,0.02,,2,98,14,prostate_logreg,non-IID,PROSTATE,,,,,,,,
Client 13,6,0.0,0.0,0.0,0.02,,2,87,14,prostate_logreg,non-IID,PROSTATE,,,,,,,,
Client 14,6,0.0,0.0,0.0,0.02,,2,90,14,prostate_logreg,non-IID,PROSTATE,,,,,,,,
Client 15,6,0.0,0.04,0.0,0.01,,2,128,14,prostate_logreg,non-IID,PROSTATE,,,,,,,,
Client 16,6,0.0,0.04,0.0,0.01,,1,73,14,prostate_logreg,non-IID,PROSTATE,,,,,,,,
Client 17,6,0.0,0.0,0.0,0.01,,1,125,14,prostate_logreg,non-IID,PROSTATE,,,,,,,,
Client 18,6,0.0,0.02,0.0,0.01,,1,117,14,prostate_logreg,non-IID,PROSTATE,,,,,,,,
Client 19,6,0.0,0.0,0.0,0.02,,1,73,14,prostate_logreg,non-IID,PROSTATE,,,,,,,,
Client 20,6,0.0,0.02,0.0,0.02,,1,99,14,prostate_logreg,non-IID,PROSTATE,,,,,,,,
Client 21,6,0.0,0.02,0.0,0.02,,1,105,14,prostate_logreg,non-IID,PROSTATE,,,,,,,,
Client 22,6,0.0,0.0,0.0,0.01,,1,63,14,prostate_logreg,non-IID,PROSTATE,,,,,,,,
Client 23,6,0.0,0.0,0.0,0.01,,1,128,14,prostate_logreg,non-IID,PROSTATE,,,,,,,,
Client 24,6,0.0,0.04,0.0,0.01,,1,125,14,prostate_logreg,non-IID,PROSTATE,,,,,,,,
Client 25,6,0.0,0.05,0.0,0.02,,1,99,14,prostate_logreg,non-IID,PROSTATE,,,,,,,,
Client 26,6,0.0,0.02,0.0,0.02,,1,100,14,prostate_logreg,non-IID,PROSTATE,,,,,,,,
Client 27,6,0.0,0.04,0.0,0.01,,1,63,14,prostate_logreg,non-IID,PROSTATE,,,,,,,,
Client 28,6,0.0,0.04,0.0,0.01,,1,137,14,prostate_logreg,non-IID,PROSTATE,,,,,,,,
Client 29,6,0.0,0.0,0.0,0.02,,1,101,14,prostate_logreg,non-IID,PROSTATE,,,,,,,,
Client 30,6,0.0,0.0,0.0,0.01,,1,63,14,prostate_logreg,non-IID,PROSTATE,,,,,,,,
Client 31,6,0.0,0.0,0.0,0.02,,1,99,14,prostate_logreg,non-IID,PROSTATE,,,,,,,,
Client 32,6,0.0,0.0,0.0,0.01,,1,128,14,prostate_logreg,non-IID,PROSTATE,,,,,,,,
Client 33,6,0.0,0.0,0.0,0.01,,1,63,14,prostate_logreg,non-IID,PROSTATE,,,,,,,,
Client 34,6,0.0,0.0,0.0,0.01,,1,118,14,prostate_logreg,non-IID,PROSTATE,,,,,,,,
Client 35,6,0.0,0.0,0.0,0.01,,1,64,14,prostate_logreg,non-IID,PROSTATE,,,,,,,,
Client 36,6,0.0,0.02,0.0,0.02,,1,106,14,prostate_logreg,non-IID,PROSTATE,,,,,,,,
Client 37,6,0.0,0.02,0.0,0.01,,1,128,14,prostate_logreg,non-IID,PROSTATE,,,,,,,,
Client 38,6,0.0,0.02,0.0,0.02,,1,104,14,prostate_logreg,non-IID,PROSTATE,,,,,,,,
Client 39,6,0.0,0.12,0.0,0.02,,1,95,14,prostate_logreg,non-IID,PROSTATE,,,,,,,,
Client 40,6,0.0,0.04,0.0,0.01,0.11,1,131,14,prostate_logreg,non-IID,PROSTATE,0.57,0.7749,0.7488,0.2251,0.59,0.757,0.7355,0.243
Client 1,7,0.0,0.0,0.0,0.02,,2,104,14,prostate_logreg,non-IID,PROSTATE,,,,,,,,
Client 2,7,0.0,0.12,0.0,0.02,,2,102,14,prostate_logreg,non-IID,PROSTATE,,,,,,,,
Client 3,7,0.0,0.0,0.0,0.01,,2,124,14,prostate_logreg,non-IID,PROSTATE,,,,,,,,
Client 4,7,0.0,0.0,0.0,0.01,,2,66,14,prostate_logreg,non-IID,PROSTATE,,,,,,,,
Client 5,7,0.0,0.0,0.0,0.02,,2,163,14,prostate_logreg,non-IID,PROSTATE,,,,,,,,
Client 6,7,0.0,0.0,0.0,0.01,,2,109,14,prostate_logreg,non-IID,PROSTATE,,,,,,,,
Client 7,7,0.0,0.0,0.0,0.01,,2,134,14,prostate_logreg,non-IID,PROSTATE,,,,,,,,
Client 8,7,0.0,0.02,0.0,0.01,,2,108,14,prostate_logreg,non-IID,PROSTATE,,,,,,,,
Client 9,7,0.0,0.0,0.0,0.01,,2,58,14,prostate_logreg,non-IID,PROSTATE,,,,,,,,
Client 10,7,0.0,0.0,0.0,0.01,,2,63,14,prostate_logreg,non-IID,PROSTATE,,,,,,,,
Client 11,7,0.0,0.02,0.0,0.01,,2,116,14,prostate_logreg,non-IID,PROSTATE,,,,,,,,
Client 12,7,0.0,0.02,0.0,0.01,,2,57,14,prostate_logreg,non-IID,PROSTATE,,,,,,,,
Client 13,7,0.0,0.0,0.0,0.01,,2,62,14,prostate_logreg,non-IID,PROSTATE,,,,,,,,
Client 14,7,0.0,0.0,0.0,0.01,,2,64,14,prostate_logreg,non-IID,PROSTATE,,,,,,,,
Client 15,7,0.0,0.04,0.0,0.02,,2,103,14,prostate_logreg,non-IID,PROSTATE,,,,,,,,
Client 16,7,0.0,0.04,0.0,0.01,,1,131,14,prostate_logreg,non-IID,PROSTATE,,,,,,,,
Client 17,7,0.0,0.0,0.0,0.01,,1,118,14,prostate_logreg,non-IID,PROSTATE,,,,,,,,
Client 18,7,0.0,0.02,0.0,0.01,,1,122,14,prostate_logreg,non-IID,PROSTATE,,,,,,,,
Client 19,7,0.0,0.0,0.0,0.01,,1,63,14,prostate_logreg,non-IID,PROSTATE,,,,,,,,
Client 20,7,0.0,0.02,0.0,0.01,,1,108,14,prostate_logreg,non-IID,PROSTATE,,,,,,,,
Client 21,7,0.0,0.02,0.0,0.01,,1,118,14,prostate_logreg,non-IID,PROSTATE,,,,,,,,
Client 22,7,0.0,0.0,0.0,0.01,,1,127,14,prostate_logreg,non-IID,PROSTATE,,,,,,,,
Client 23,7,0.0,0.0,0.0,0.01,,1,133,14,prostate_logreg,non-IID,PROSTATE,,,,,,,,
Client 24,7,0.0,0.04,0.0,0.01,,1,117,14,prostate_logreg,non-IID,PROSTATE,,,,,,,,
Client 25,7,0.0,0.05,0.0,0.02,,1,105,14,prostate_logreg,non-IID,PROSTATE,,,,,,,,
Client 26,7,0.0,0.02,0.0,0.02,,1,103,14,prostate_logreg,non-IID,PROSTATE,,,,,,,,
Client 27,7,0.0,0.04,0.0,0.01,,1,65,14,prostate_logreg,non-IID,PROSTATE,,,,,,,,
Client 28,7,0.0,0.04,0.0,0.01,,1,131,14,prostate_logreg,non-IID,PROSTATE,,,,,,,,
Client 29,7,0.0,0.0,0.0,0.02,,1,97,14,prostate_logreg,non-IID,PROSTATE,,,,,,,,
Client 30,7,0.0,0.0,0.0,0.01,,1,63,14,prostate_logreg,non-IID,PROSTATE,,,,,,,,
Client 31,7,0.0,0.0,0.0,0.01,,1,68,14,prostate_logreg,non-IID,PROSTATE,,,,,,,,
Client 32,7,0.0,0.0,0.0,0.01,,1,122,14,prostate_logreg,non-IID,PROSTATE,,,,,,,,
Client 33,7,0.0,0.0,0.0,0.01,,1,65,14,prostate_logreg,non-IID,PROSTATE,,,,,,,,
Client 34,7,0.0,0.0,0.0,0.01,,1,108,14,prostate_logreg,non-IID,PROSTATE,,,,,,,,
Client 35,7,0.0,0.0,0.0,0.01,,1,63,14,prostate_logreg,non-IID,PROSTATE,,,,,,,,
Client 36,7,0.0,0.02,0.0,0.02,,1,98,14,prostate_logreg,non-IID,PROSTATE,,,,,,,,
Client 37,7,0.0,0.02,0.0,0.01,,1,131,14,prostate_logreg,non-IID,PROSTATE,,,,,,,,
Client 38,7,0.0,0.02,0.0,0.02,,1,103,14,prostate_logreg,non-IID,PROSTATE,,,,,,,,
Client 39,7,0.0,0.12,0.0,0.01,,1,121,14,prostate_logreg,non-IID,PROSTATE,,,,,,,,
Client 40,7,0.0,0.04,0.0,0.01,0.11,1,132,14,prostate_logreg,non-IID,PROSTATE,0.56,0.7805,0.7553,0.2195,0.58,0.7581,0.7366,0.2419
Client 1,8,0.0,0.0,0.0,0.02,,2,104,14,prostate_logreg,non-IID,PROSTATE,,,,,,,,
Client 2,8,0.0,0.12,0.0,0.01,,2,55,14,prostate_logreg,non-IID,PROSTATE,,,,,,,,
Client 3,8,0.0,0.0,0.0,0.01,,2,119,14,prostate_logreg,non-IID,PROSTATE,,,,,,,,
Client 4,8,0.0,0.0,0.0,0.01,,2,66,14,prostate_logreg,non-IID,PROSTATE,,,,,,,,
Client 5,8,0.0,0.0,0.0,0.01,,2,122,14,prostate_logreg,non-IID,PROSTATE,,,,,,,,
Client 6,8,0.0,0.0,0.0,0.01,,2,64,14,prostate_logreg,non-IID,PROSTATE,,,,,,,,
Client 7,8,0.0,0.0,0.0,0.01,,2,136,14,prostate_logreg,non-IID,PROSTATE,,,,,,,,
Client 8,8,0.0,0.02,0.0,0.01,,2,121,14,prostate_logreg,non-IID,PROSTATE,,,,,,,,
Client 9,8,0.0,0.0,0.0,0.01,,2,62,14,prostate_logreg,non-IID,PROSTATE,,,,,,,,
Client 10,8,0.0,0.0,0.0,0.01,,2,65,14,prostate_logreg,non-IID,PROSTATE,,,,,,,,
Client 11,8,0.0,0.02,0.0,0.01,,2,120,14,prostate_logreg,non-IID,PROSTATE,,,,,,,,
Client 12,8,0.0,0.02,0.0,0.01,,2,66,14,prostate_logreg,non-IID,PROSTATE,,,,,,,,
Client 13,8,0.0,0.0,0.0,0.01,,2,59,14,prostate_logreg,non-IID,PROSTATE,,,,,,,,
Client 14,8,0.0,0.0,0.0,0.01,,2,56,14,prostate_logreg,non-IID,PROSTATE,,,,,,,,
Client 15,8,0.0,0.04,0.0,0.01,,2,134,14,prostate_logreg,non-IID,PROSTATE,,,,,,,,
Client 16,8,0.0,0.04,0.0,0.01,,1,138,14,prostate_logreg,non-IID,PROSTATE,,,,,,,,
Client 17,8,0.0,0.0,0.0,0.01,,1,128,14,prostate_logreg,non-IID,PROSTATE,,,,,,,,
Client 18,8,0.0,0.02,0.0,0.01,,1,125,14,prostate_logreg,non-IID,PROSTATE,,,,,,,,
Client 19,8,0.0,0.0,0.0,0.01,,1,120,14,prostate_logreg,non-IID,PROSTATE,,,,,,,,
Client 20,8,0.0,0.02,0.0,0.01,,1,117,14,prostate_logreg,non-IID,PROSTATE,,,,,,,,
Client 21,8,0.0,0.02,0.0,0.01,,1,136,14,prostate_logreg,non-IID,PROSTATE,,,,,,,,
Client 22,8,0.0,0.0,0.0,0.01,,1,125,14,prostate_logreg,non-IID,PROSTATE,,,,,,,,
Client 23,8,0.0,0.0,0.0,0.01,,1,76,14,prostate_logreg,non-IID,PROSTATE,,,,,,,,
Client 24,8,0.0,0.04,0.0,0.01,,1,124,14,prostate_logreg,non-IID,PROSTATE,,,,,,,,
Client 25,8,0.0,0.05,0.0,0.02,,1,105,14,prostate_logreg,non-IID,PROSTATE,,,,,,,,
Client 26,8,0.0,0.02,0.0,0.02,,1,102,14,prostate_logreg,non-IID,PROSTATE,,,,,,,,
Client 27,8,0.0,0.04,0.0,0.01,,1,135,14,prostate_logreg,non-IID,PROSTATE,,,,,,,,
Client 28,8,0.0,0.04,0.0,0.01,,1,67,14,prostate_logreg,non-IID,PROSTATE,,,,,,,,
Client 29,8,0.0,0.0,0.0,0.02,,1,142,14,prostate_logreg,non-IID,PROSTATE,,,,,,,,
Client 30,8,0.0,0.0,0.0,0.01,,1,63,14,prostate_logreg,non-IID,PROSTATE,,,,,,,,
Client 31,8,0.0,0.0,0.0,0.01,,1,74,14,prostate_logreg,non-IID,PROSTATE,,,,,,,,
Client 32,8,0.0,0.0,0.0,0.01,,1,135,14,prostate_logreg,non-IID,PROSTATE,,,,,,,,
Client 33,8,0.0,0.0,0.0,0.01,,1,129,14,prostate_logreg,non-IID,PROSTATE,,,,,,,,
Client 34,8,0.0,0.0,0.0,0.01,,1,63,14,prostate_logreg,non-IID,PROSTATE,,,,,,,,
Client 35,8,0.0,0.0,0.0,0.01,,1,68,14,prostate_logreg,non-IID,PROSTATE,,,,,,,,
Client 36,8,0.0,0.02,0.0,0.01,,1,131,14,prostate_logreg,non-IID,PROSTATE,,,,,,,,
Client 37,8,0.0,0.02,0.0,0.01,,1,75,14,prostate_logreg,non-IID,PROSTATE,,,,,,,,
Client 38,8,0.0,0.02,0.0,0.02,,1,100,14,prostate_logreg,non-IID,PROSTATE,,,,,,,,
Client 39,8,0.0,0.12,0.0,0.01,,1,125,14,prostate_logreg,non-IID,PROSTATE,,,,,,,,
Client 40,8,0.0,0.04,0.0,0.01,0.11,1,130,14,prostate_logreg,non-IID,PROSTATE,0.55,0.7818,0.7567,0.2182,0.57,0.7564,0.7344,0.2436
Client 1,9,0.0,0.0,0.0,0.01,,2,56,14,prostate_logreg,non-IID,PROSTATE,,,,,,,,
Client 2,9,0.0,0.12,0.0,0.01,,2,110,14,prostate_logreg,non-IID,PROSTATE,,,,,,,,
Client 3,9,0.0,0.0,0.0,0.01,,2,63,14,prostate_logreg,non-IID,PROSTATE,,,,,,,,
Client 4,9,0.0,0.0,0.0,0.01,,2,136,14,prostate_logreg,non-IID,PROSTATE,,,,,,,,
Client 5,9,0.0,0.0,0.0,0.01,,2,56,14,prostate_logreg,non-IID,PROSTATE,,,,,,,,
Client 6,9,0.0,0.0,0.0,0.01,,2,128,14,prostate_logreg,non-IID,PROSTATE,,,,,,,,
Client 7,9,0.0,0.0,0.0,0.01,,2,140,14,prostate_logreg,non-IID,PROSTATE,,,,,,,,
Client 8,9,0.0,0.02,0.0,0.01,,2,131,14,prostate_logreg,non-IID,PROSTATE,,,,,,,,
Client 9,9,0.0,0.0,0.0,0.02,,2,82,14,prostate_logreg,non-IID,PROSTATE,,,,,,,,
Client 10,9,0.0,0.0,0.0,0.01,,2,58,14,prostate_logreg,non-IID,PROSTATE,,,,,,,,
Client 11,9,0.0,0.02,0.0,0.02,,2,105,14,prostate_logreg,non-IID,PROSTATE,,,,,,,,
Client 12,9,0.0,0.02,0.0,0.01,,2,125,14,prostate_logreg,non-IID,PROSTATE,,,,,,,,
Client 13,9,0.0,0.0,0.0,0.01,,2,110,14,prostate_logreg,non-IID,PROSTATE,,,,,,,,
Client 14,9,0.0,0.0,0.0,0.01,,2,64,14,prostate_logreg,non-IID,PROSTATE,,,,,,,,
Client 15,9,0.0,0.04,0.0,0.01,,2,142,14,prostate_logreg,non-IID,PROSTATE,,,,,,,,
Client 16,9,0.0,0.04,0.0,0.01,,1,73,14,prostate_logreg,non-IID,PROSTATE,,,,,,,,
Client 17,9,0.0,0.0,0.0,0.01,,1,135,14,prostate_logreg,non-IID,PROSTATE,,,,,,,,
Client 18,9,0.0,0.02,0.0,0.01,,1,125,14,prostate_logreg,non-IID,PROSTATE,,,,,,,,
Client 19,9,0.0,0.0,0.0,0.01,,1,127,14,prostate_logreg,non-IID,PROSTATE,,,,,,,,
Client 20,9,0.0,0.02,0.0,0.01,,1,117,14,prostate_logreg,non-IID,PROSTATE,,,,,,,,
Client 21,9,0.0,0.02,0.0,0.01,,1,119,14,prostate_logreg,non-IID,PROSTATE,,,,,,,,
Client 22,9,0.0,0.0,0.0,0.01,,1,121,14,prostate_logreg,non-IID,PROSTATE,,,,,,,,
Client 23,9,0.0,0.0,0.0,0.01,,1,134,14,prostate_logreg,non-IID,PROSTATE,,,,,,,,
Client 24,9,0.0,0.04,0.0,0.01,,1,134,14,prostate_logreg,non-IID,PROSTATE,,,,,,,,
Client 25,9,0.0,0.05,0.0,0.01,,1,59,14,prostate_logreg,non-IID,PROSTATE,,,,,,,,
Client 26,9,0.0,0.02,0.0,0.01,,1,111,14,prostate_logreg,non-IID,PROSTATE,,,,,,,,
Client 27,9,0.0,0.04,0.0,0.01,,1,67,14,prostate_logreg,non-IID,PROSTATE,,,,,,,,
Client 28,9,0.0,0.04,0.0,0.01,,1,73,14,prostate_logreg,non-IID,PROSTATE,,,,,,,,
Client 29,9,0.0,0.0,0.0,0.01,,1,115,14,prostate_logreg,non-IID,PROSTATE,,,,,,,,
Client 30,9,0.0,0.0,0.0,0.01,,1,66,14,prostate_logreg,non-IID,PROSTATE,,,,,,,,
Client 31,9,0.0,0.0,0.0,0.01,,1,130,14,prostate_logreg,non-IID,PROSTATE,,,,,,,,
Client 32,9,0.0,0.0,0.0,0.01,,1,66,14,prostate_logreg,non-IID,PROSTATE,,,,,,,,
Client 33,9,0.0,0.0,0.0,0.01,,1,129,14,prostate_logreg,non-IID,PROSTATE,,,,,,,,
Client 34,9,0.0,0.0,0.0,0.02,,1,77,14,prostate_logreg,non-IID,PROSTATE,,,,,,,,
Client 35,9,0.0,0.0,0.0,0.01,,1,64,14,prostate_logreg,non-IID,PROSTATE,,,,,,,,
Client 36,9,0.0,0.02,0.0,0.01,,1,115,14,prostate_logreg,non-IID,PROSTATE,,,,,,,,
Client 37,9,0.0,0.02,0.0,0.01,,1,66,14,prostate_logreg,non-IID,PROSTATE,,,,,,,,
Client 38,9,0.0,0.02,0.0,0.01,,1,108,14,prostate_logreg,non-IID,PROSTATE,,,,,,,,
Client 39,9,0.0,0.12,0.0,0.01,,1,183,14,prostate_logreg,non-IID,PROSTATE,,,,,,,,
Client 40,9,0.0,0.04,0.0,0.01,0.12,1,138,14,prostate_logreg,non-IID,PROSTATE,0.54,0.7829,0.7583,0.2171,0.56,0.7543,0.7321,0.2457
Client 1,10,0.0,0.0,0.0,0.01,,2,108,14,prostate_logreg,non-IID,PROSTATE,,,,,,,,
Client 2,10,0.0,0.12,0.0,0.01,,2,110,14,prostate_logreg,non-IID,PROSTATE,,,,,,,,
Client 3,10,0.0,0.0,0.0,0.01,,2,124,14,prostate_logreg,non-IID,PROSTATE,,,,,,,,
Client 4,10,0.0,0.0,0.0,0.01,,2,151,14,prostate_logreg,non-IID,PROSTATE,,,,,,,,
Client 5,10,0.0,0.0,0.0,0.01,,2,119,14,prostate_logreg,non-IID,PROSTATE,,,,,,,,
Client 6,10,0.0,0.0,0.0,0.01,,2,131,14,prostate_logreg,non-IID,PROSTATE,,,,,,,,
Client 7,10,0.0,0.0,0.0,0.01,,2,69,14,prostate_logreg,non-IID,PROSTATE,,,,,,,,
Client 8,10,0.0,0.02,0.0,0.02,,2,109,14,prostate_logreg,non-IID,PROSTATE,,,,,,,,
Client 9,10,0.0,0.0,0.0,0.01,,2,64,14,prostate_logreg,non-IID,PROSTATE,,,,,,,,
Client 10,10,0.0,0.0,0.0,0.02,,2,75,14,prostate_logreg,non-IID,PROSTATE,,,,,,,,
Client 11,10,0.0,0.02,0.0,0.01,,2,60,14,prostate_logreg,non-IID,PROSTATE,,,,,,,,
Client 12,10,0.0,0.02,0.0,0.01,,2,124,14,prostate_logreg,non-IID,PROSTATE,,,,,,,,
Client 13,10,0.0,0.0,0.0,0.01,,2,114,14,prostate_logreg,non-IID,PROSTATE,,,,,,,,
Client 14,10,0.0,0.0,0.0,0.01,,2,63,14,prostate_logreg,non-IID,PROSTATE,,,,,,,,
Client 15,10,0.0,0.04,0.0,0.02,,2,83,14,prostate_logreg,non-IID,PROSTATE,,,,,,,,
Client 16,10,0.0,0.04,0.0,0.01,,1,71,14,prostate_logreg,non-IID,PROSTATE,,,,,,,,
Client 17,10,0.0,0.0,0.0,0.01,,1,127,14,prostate_logreg,non-IID,PROSTATE,,,,,,,,
Client 18,10,0.0,0.02,0.0,0.01,,1,124,14,prostate_logreg,non-IID,PROSTATE,,,,,,,,
Client 19,10,0.0,0.0,0.0,0.01,,1,138,14,prostate_logreg,non-IID,PROSTATE,,,,,,,,
Client 20,10,0.0,0.02,0.0,0.01,,1,119,14,prostate_logreg,non-IID,PROSTATE,,,,,,,,
Client 21,10,0.0,0.02,0.0,0.01,,1,119,14,prostate_logreg,non-IID,PROSTATE,,,,,,,,
Client 22,10,0.0,0.0,0.0,0.01,,1,119,14,prostate_logreg,non-IID,PROSTATE,,,,,,,,
Client 23,10,0.0,0.0,0.0,0.01,,1,71,14,prostate_logreg,non-IID,PROSTATE,,,,,,,,
Client 24,10,0.0,0.04,0.0,0.01,,1,118,14,prostate_logreg,non-IID,PROSTATE,,,,,,,,
Client 25,10,0.0,0.05,0.0,0.01,,1,55,14,prostate_logreg,non-IID,PROSTATE,,,,,,,,
Client 26,10,0.0,0.02,0.0,0.02,,1,52,14,prostate_logreg,non-IID,PROSTATE,,,,,,,,
Client 27,10,0.0,0.04,0.0,0.01,,1,131,14,prostate_logreg,non-IID,PROSTATE,,,,,,,,
Client 28,10,0.0,0.04,0.0,0.01,,1,141,14,prostate_logreg,non-IID,PROSTATE,,,,,,,,
Client 29,10,0.0,0.0,0.0,0.01,,1,111,14,prostate_logreg,non-IID,PROSTATE,,,,,,,,
Client 30,10,0.0,0.0,0.0,0.01,,1,129,14,prostate_logreg,non-IID,PROSTATE,,,,,,,,
Client 31,10,0.0,0.0,0.0,0.01,,1,70,14,prostate_logreg,non-IID,PROSTATE,,,,,,,,
Client 32,10,0.0,0.0,0.0,0.01,,1,66,14,prostate_logreg,non-IID,PROSTATE,,,,,,,,
Client 33,10,0.0,0.0,0.0,0.01,,1,130,14,prostate_logreg,non-IID,PROSTATE,,,,,,,,
Client 34,10,0.0,0.0,0.0,0.01,,1,62,14,prostate_logreg,non-IID,PROSTATE,,,,,,,,
Client 35,10,0.0,0.0,0.0,0.01,,1,64,14,prostate_logreg,non-IID,PROSTATE,,,,,,,,
Client 36,10,0.0,0.02,0.0,0.02,,1,94,14,prostate_logreg,non-IID,PROSTATE,,,,,,,,
Client 37,10,0.0,0.02,0.0,0.01,,1,68,14,prostate_logreg,non-IID,PROSTATE,,,,,,,,
Client 38,10,0.0,0.02,0.0,0.01,,1,107,14,prostate_logreg,non-IID,PROSTATE,,,,,,,,
Client 39,10,0.0,0.12,0.0,0.01,,1,119,14,prostate_logreg,non-IID,PROSTATE,,,,,,,,
Client 40,10,0.0,0.04,0.0,0.01,0.11,1,69,14,prostate_logreg,non-IID,PROSTATE,0.53,0.7809,0.7558,0.2191,0.55,0.7527,0.7302,0.2473
Client 1,11,0.0,0.0,0.0,0.02,,2,108,14,prostate_logreg,non-IID,PROSTATE,,,,,,,,
Client 2,11,0.0,0.12,0.0,0.01,,2,65,14,prostate_logreg,non-IID,PROSTATE,,,,,,,,
Client 3,11,0.0,0.0,0.0,0.01,,2,63,14,prostate_logreg,non-IID,PROSTATE,,,,,,,,
Client 4,11,0.0,0.0,0.0,0.01,,2,74,14,prostate_logreg,non-IID,PROSTATE,,,,,,,,
Client 5,11,0.0,0.0,0.0,0.01,,2,112,14,prostate_logreg,non-IID,PROSTATE,,,,,,,,
Client 6,11,0.0,0.0,0.0,0.01,,2,132,14,prostate_logreg,non-IID,PROSTATE,,,,,,,,
Client 7,11,0.0,0.0,0.0,0.01,,2,70,14,prostate_logreg,non-IID,PROSTATE,,,,,,,,
Client 8,11,0.0,0.02,0.0,0.01,,2,66,14,prostate_logreg,non-IID,PROSTATE,,,,,,,,
Client 9,11,0.0,0.0,0.0,0.01,,2,63,14,prostate_logreg,non-IID,PROSTATE,,,,,,,,
Client 10,11,0.0,0.0,0.0,0.02,,2,124,14,prostate_logreg,non-IID,PROSTATE,,,,,,,,
Client 11,11,0.0,0.02,0.0,0.01,,2,66,14,prostate_logreg,non-IID,PROSTATE,,,,,,,,
Client 12,11,0.0,0.02,0.0,0.01,,2,131,14,prostate_logreg,non-IID,PROSTATE,,,,,,,,
Client 13,11,0.0,0.0,0.0,0.01,,2,58,14,prostate_logreg,non-IID,PROSTATE,,,,,,,,
Client 14,11,0.0,0.0,0.0,0.01,,2,68,14,prostate_logreg,non-IID,PROSTATE,,,,,,,,
Client 15,11,0.0,0.04,0.0,0.02,,2,84,14,prostate_logreg,non-IID,PROSTATE,,,,,,,,
Client 16,11,0.0,0.04,0.0,0.01,,1,208,14,prostate_logreg,non-IID,PROSTATE,,,,,,,,
Client 17,11,0.0,0.0,0.0,0.01,,1,134,14,prostate_logreg,non-IID,PROSTATE,,,,,,,,
Client 18,11,0.0,0.02,0.0,0.01,,1,136,14,prostate_logreg,non-IID,PROSTATE,,,,,,,,
Client 19,11,0.0,0.0,0.0,0.02,,1,123,14,prostate_logreg,non-IID,PROSTATE,,,,,,,,
Client 20,11,0.0,0.02,0.0,0.02,,1,98,14,prostate_logreg,non-IID,PROSTATE,,,,,,,,
Client 21,11,0.0,0.02,0.0,0.01,,1,131,14,prostate_logreg,non-IID,PROSTATE,,,,,,,,
Client 22,11,0.0,0.0,0.0,0.01,,1,129,14,prostate_logreg,non-IID,PROSTATE,,,,,,,,
Client 23,11,0.0,0.0,0.0,0.01,,1,72,14,prostate_logreg,non-IID,PROSTATE,,,,,,,,
Client 24,11,0.0,0.04,0.0,0.01,,1,68,14,prostate_logreg,non-IID,PROSTATE,,,,,,,,
Client 25,11,0.0,0.05,0.0,0.01,,1,118,14,prostate_logreg,non-IID,PROSTATE,,,,,,,,
Client 26,11,0.0,0.02,0.0,0.01,,1,111,14,prostate_logreg,non-IID,PROSTATE,,,,,,,,
Client 27,11,0.0,0.04,0.0,0.01,,1,144,14,prostate_logreg,non-IID,PROSTATE,,,,,,,,
Client 28,11,0.0,0.04,0.0,0.01,,1,70,14,prostate_logreg,non-IID,PROSTATE,,,,,,,,
Client 29,11,0.0,0.0,0.0,0.01,,1,109,14,prostate_logreg,non-IID,PROSTATE,,,,,,,,
Client 30,11,0.0,0.0,0.0,0.01,,1,138,14,prostate_logreg,non-IID,PROSTATE,,,,,,,,
Client 31,11,0.0,0.0,0.0,0.01,,1,70,14,prostate_logreg,non-IID,PROSTATE,,,,,,,,
Client 32,11,0.0,0.0,0.0,0.01,,1,67,14,prostate_logreg,non-IID,PROSTATE,,,,,,,,
Client 33,11,0.0,0.0,0.0,0.01,,1,134,14,prostate_logreg,non-IID,PROSTATE,,,,,,,,
Client 34,11,0.0,0.0,0.0,0.01,,1,66,14,prostate_logreg,non-IID,PROSTATE,,,,,,,,
Client 35,11,0.0,0.0,0.0,0.01,,1,65,14,prostate_logreg,non-IID,PROSTATE,,,,,,,,
Client 36,11,0.0,0.02,0.0,0.02,,1,97,14,prostate_logreg,non-IID,PROSTATE,,,,,,,,
Client 37,11,0.0,0.02,0.0,0.01,,1,142,14,prostate_logreg,non-IID,PROSTATE,,,,,,,,
Client 38,11,0.0,0.02,0.0,0.01,,1,55,14,prostate_logreg,non-IID,PROSTATE,,,,,,,,
Client 39,11,0.0,0.12,0.0,0.01,,1,129,14,prostate_logreg,non-IID,PROSTATE,,,,,,,,
Client 40,11,0.0,0.04,0.0,0.01,0.1,1,70,14,prostate_logreg,non-IID,PROSTATE,0.53,0.7805,0.7553,0.2195,0.55,0.751,0.7281,0.249
Client 1,12,0.0,0.0,0.0,0.01,,2,112,14,prostate_logreg,non-IID,PROSTATE,,,,,,,,
Client 2,12,0.0,0.12,0.0,0.01,,2,56,14,prostate_logreg,non-IID,PROSTATE,,,,,,,,
Client 3,12,0.0,0.0,0.0,0.01,,2,126,14,prostate_logreg,non-IID,PROSTATE,,,,,,,,
Client 4,12,0.0,0.0,0.0,0.01,,2,69,14,prostate_logreg,non-IID,PROSTATE,,,,,,,,
Client 5,12,0.0,0.0,0.0,0.01,,2,121,14,prostate_logreg,non-IID,PROSTATE,,,,,,,,
Client 6,12,0.0,0.0,0.0,0.03,,2,102,14,prostate_logreg,non-IID,PROSTATE,,,,,,,,
Client 7,12,0.0,0.0,0.0,0.01,,2,59,14,prostate_logreg,non-IID,PROSTATE,,,,,,,,
Client 8,12,0.0,0.02,0.0,0.01,,2,56,14,prostate_logreg,non-IID,PROSTATE,,,,,,,,
Client 9,12,0.0,0.0,0.0,0.02,,2,103,14,prostate_logreg,non-IID,PROSTATE,,,,,,,,
Client 10,12,0.0,0.0,0.0,0.02,,2,89,14,prostate_logreg,non-IID,PROSTATE,,,,,,,,
Client 11,12,0.0,0.02,0.0,0.01,,2,117,14,prostate_logreg,non-IID,PROSTATE,,,,,,,,
Client 12,12,0.0,0.02,0.0,0.01,,2,110,14,prostate_logreg,non-IID,PROSTATE,,,,,,,,
Client 13,12,0.0,0.0,0.0,0.01,,2,56,14,prostate_logreg,non-IID,PROSTATE,,,,,,,,
Client 14,12,0.0,0.0,0.0,0.01,,2,65,14,prostate_logreg,non-IID,PROSTATE,,,,,,,,
Client 15,12,0.0,0.04,0.0,0.01,,2,68,14,prostate_logreg,non-IID,PROSTATE,,,,,,,,
Client 16,12,0.0,0.04,0.0,0.01,,1,141,14,prostate_logreg,non-IID,PROSTATE,,,,,,,,
Client 17,12,0.0,0.0,0.0,0.01,,1,124,14,prostate_logreg,non-IID,PROSTATE,,,,,,,,
Client 18,12,0.0,0.02,0.0,0.01,,1,117,14,prostate_logreg,non-IID,PROSTATE,,,,,,,,
Client 19,12,0.0,0.0,0.0,0.02,,1,87,14,prostate_logreg,non-IID,PROSTATE,,,,,,,,
Client 20,12,0.0,0.02,0.0,0.01,,1,54,14,prostate_logreg,non-IID,PROSTATE,,,,,,,,
Client 21,12,0.0,0.02,0.0,0.01,,1,119,14,prostate_logreg,non-IID,PROSTATE,,,,,,,,
Client 22,12,0.0,0.0,0.0,0.02,,1,109,14,prostate_logreg,non-IID,PROSTATE,,,,,,,,
Client 23,12,0.0,0.0,0.0,0.01,,1,71,14,prostate_logreg,non-IID,PROSTATE,,,,,,,,
Client 24,12,0.0,0.04,0.0,0.02,,1,95,14,prostate_logreg,non-IID,PROSTATE,,,,,,,,
Client 25,12,0.0,0.05,0.0,0.01,,1,119,14,prostate_logreg,non-IID,PROSTATE,,,,,,,,
Client 26,12,0.0,0.02,0.0,0.01,,1,110,14,prostate_logreg,non-IID,PROSTATE,,,,,,,,
Client 27,12,0.0,0.04,0.0,0.01,,1,133,14,prostate_logreg,non-IID,PROSTATE,,,,,,,,
Client 28,12,0.0,0.04,0.0,0.01,,1,66,14,prostate_logreg,non-IID,PROSTATE,,,,,,,,
Client 29,12,0.0,0.0,0.0,0.01,,1,114,14,prostate_logreg,non-IID,PROSTATE,,,,,,,,
Client 30,12,0.0,0.0,0.0,0.01,,1,130,14,prostate_logreg,non-IID,PROSTATE,,,,,,,,
Client 31,12,0.0,0.0,0.0,0.01,,1,68,14,prostate_logreg,non-IID,PROSTATE,,,,,,,,
Client 32,12,0.0,0.0,0.0,0.01,,1,65,14,prostate_logreg,non-IID,PROSTATE,,,,,,,,
Client 33,12,0.0,0.0,0.0,0.01,,1,130,14,prostate_logreg,non-IID,PROSTATE,,,,,,,,
Client 34,12,0.0,0.0,0.0,0.02,,1,105,14,prostate_logreg,non-IID,PROSTATE,,,,,,,,
Client 35,12,0.0,0.0,0.0,0.01,,1,62,14,prostate_logreg,non-IID,PROSTATE,,,,,,,,
Client 36,12,0.0,0.02,0.0,0.02,,1,100,14,prostate_logreg,non-IID,PROSTATE,,,,,,,,
Client 37,12,0.0,0.02,0.0,0.01,,1,132,14,prostate_logreg,non-IID,PROSTATE,,,,,,,,
Client 38,12,0.0,0.02,0.0,0.02,,1,106,14,prostate_logreg,non-IID,PROSTATE,,,,,,,,
Client 39,12,0.0,0.12,0.0,0.02,,1,109,14,prostate_logreg,non-IID,PROSTATE,,,,,,,,
Client 40,12,0.0,0.04,0.0,0.01,0.16,1,69,14,prostate_logreg,non-IID,PROSTATE,0.52,0.7778,0.7523,0.2222,0.54,0.7504,0.7274,0.2496
Client 1,13,0.0,0.0,0.0,0.01,,2,106,14,prostate_logreg,non-IID,PROSTATE,,,,,,,,
Client 2,13,0.0,0.12,0.0,0.01,,2,117,14,prostate_logreg,non-IID,PROSTATE,,,,,,,,
Client 3,13,0.0,0.0,0.0,0.01,,2,54,14,prostate_logreg,non-IID,PROSTATE,,,,,,,,
Client 4,13,0.0,0.0,0.0,0.01,,2,66,14,prostate_logreg,non-IID,PROSTATE,,,,,,,,
Client 5,13,0.0,0.0,0.0,0.01,,2,109,14,prostate_logreg,non-IID,PROSTATE,,,,,,,,
Client 6,13,0.0,0.0,0.0,0.01,,2,120,14,prostate_logreg,non-IID,PROSTATE,,,,,,,,
Client 7,13,0.0,0.0,0.0,0.01,,2,132,14,prostate_logreg,non-IID,PROSTATE,,,,,,,,
Client 8,13,0.0,0.02,0.0,0.01,,2,120,14,prostate_logreg,non-IID,PROSTATE,,,,,,,,
Client 9,13,0.0,0.0,0.0,0.02,,2,73,14,prostate_logreg,non-IID,PROSTATE,,,,,,,,
Client 10,13,0.0,0.0,0.0,0.01,,2,110,14,prostate_logreg,non-IID,PROSTATE,,,,,,,,
Client 11,13,0.0,0.02,0.0,0.01,,2,116,14,prostate_logreg,non-IID,PROSTATE,,,,,,,,
Client 12,13,0.0,0.02,0.0,0.01,,2,118,14,prostate_logreg,non-IID,PROSTATE,,,,,,,,
Client 13,13,0.0,0.0,0.0,0.01,,2,113,14,prostate_logreg,non-IID,PROSTATE,,,,,,,,
Client 14,13,0.0,0.0,0.0,0.01,,2,130,14,prostate_logreg,non-IID,PROSTATE,,,,,,,,
Client 15,13,0.0,0.04,0.0,0.01,,2,110,14,prostate_logreg,non-IID,PROSTATE,,,,,,,,
Client 16,13,0.0,0.04,0.0,0.01,,1,139,14,prostate_logreg,non-IID,PROSTATE,,,,,,,,
Client 17,13,0.0,0.0,0.0,0.01,,1,133,14,prostate_logreg,non-IID,PROSTATE,,,,,,,,
Client 18,13,0.0,0.02,0.0,0.01,,1,116,14,prostate_logreg,non-IID,PROSTATE,,,,,,,,
Client 19,13,0.0,0.0,0.0,0.01,,1,63,14,prostate_logreg,non-IID,PROSTATE,,,,,,,,
Client 20,13,0.0,0.02,0.0,0.02,,1,104,14,prostate_logreg,non-IID,PROSTATE,,,,,,,,
Client 21,13,0.0,0.02,0.0,0.02,,1,53,14,prostate_logreg,non-IID,PROSTATE,,,,,,,,
Client 22,13,0.0,0.0,0.0,0.01,,1,54,14,prostate_logreg,non-IID,PROSTATE,,,,,,,,
Client 23,13,0.0,0.0,0.0,0.01,,1,139,14,prostate_logreg,non-IID,PROSTATE,,,,,,,,
Client 24,13,0.0,0.04,0.0,0.02,,1,100,14,prostate_logreg,non-IID,PROSTATE,,,,,,,,
Client 25,13,0.0,0.05,0.0,0.01,,1,118,14,prostate_logreg,non-IID,PROSTATE,,,,,,,,
Client 26,13,0.0,0.02,0.0,0.02,,1,105,14,prostate_logreg,non-IID,PROSTATE,,,,,,,,
Client 27,13,0.0,0.04,0.0,0.01,,1,130,14,prostate_logreg,non-IID,PROSTATE,,,,,,,,
Client 28,13,0.0,0.04,0.0,0.01,,1,66,14,prostate_logreg,non-IID,PROSTATE,,,,,,,,
Client 29,13,0.0,0.0,0.0,0.01,,1,55,14,prostate_logreg,non-IID,PROSTATE,,,,,,,,
Client 30,13,0.0,0.0,0.0,0.01,,1,66,14,prostate_logreg,non-IID,PROSTATE,,,,,,,,
Client 31,13,0.0,0.0,0.0,0.01,,1,65,14,prostate_logreg,non-IID,PROSTATE,,,,,,,,
Client 32,13,0.0,0.0,0.0,0.01,,1,64,14,prostate_logreg,non-IID,PROSTATE,,,,,,,,
Client 33,13,0.0,0.0,0.0,0.01,,1,126,14,prostate_logreg,non-IID,PROSTATE,,,,,,,,
Client 34,13,0.0,0.0,0.0,0.02,,1,77,14,prostate_logreg,non-IID,PROSTATE,,,,,,,,
Client 35,13,0.0,0.0,0.0,0.01,,1,65,14,prostate_logreg,non-IID,PROSTATE,,,,,,,,
Client 36,13,0.0,0.02,0.0,0.02,,1,107,14,prostate_logreg,non-IID,PROSTATE,,,,,,,,
Client 37,13,0.0,0.02,0.0,0.01,,1,132,14,prostate_logreg,non-IID,PROSTATE,,,,,,,,
Client 38,13,0.0,0.02,0.0,0.02,,1,103,14,prostate_logreg,non-IID,PROSTATE,,,,,,,,
Client 39,13,0.0,0.12,0.0,0.01,,1,117,14,prostate_logreg,non-IID,PROSTATE,,,,,,,,
Client 40,13,0.0,0.04,0.0,0.01,0.11,1,69,14,prostate_logreg,non-IID,PROSTATE,0.52,0.778,0.7525,0.222,0.54,0.7496,0.7265,0.2504
Client 1,14,0.0,0.0,0.0,0.01,,2,58,14,prostate_logreg,non-IID,PROSTATE,,,,,,,,
Client 2,14,0.0,0.12,0.0,0.01,,2,122,14,prostate_logreg,non-IID,PROSTATE,,,,,,,,
Client 3,14,0.0,0.0,0.0,0.01,,2,111,14,prostate_logreg,non-IID,PROSTATE,,,,,,,,
Client 4,14,0.0,0.0,0.0,0.01,,2,69,14,prostate_logreg,non-IID,PROSTATE,,,,,,,,
Client 5,14,0.0,0.0,0.0,0.02,,2,105,14,prostate_logreg,non-IID,PROSTATE,,,,,,,,
Client 6,14,0.0,0.0,0.0,0.01,,2,58,14,prostate_logreg,non-IID,PROSTATE,,,,,,,,
Client 7,14,0.0,0.0,0.0,0.01,,2,138,14,prostate_logreg,non-IID,PROSTATE,,,,,,,,
Client 8,14,0.0,0.02,0.0,0.01,,2,127,14,prostate_logreg,non-IID,PROSTATE,,,,,,,,
Client 9,14,0.0,0.0,0.0,0.01,,2,59,14,prostate_logreg,non-IID,PROSTATE,,,,,,,,
Client 10,14,0.0,0.0,0.0,0.01,,2,128,14,prostate_logreg,non-IID,PROSTATE,,,,,,,,
Client 11,14,0.0,0.02,0.0,0.01,,2,121,14,prostate_logreg,non-IID,PROSTATE,,,,,,,,
Client 12,14,0.0,0.02,0.0,0.01,,2,121,14,prostate_logreg,non-IID,PROSTATE,,,,,,,,
Client 13,14,0.0,0.0,0.0,0.01,,2,123,14,prostate_logreg,non-IID,PROSTATE,,,,,,,,
Client 14,14,0.0,0.0,0.0,0.02,,2,88,14,prostate_logreg,non-IID,PROSTATE,,,,,,,,
Client 15,14,0.0,0.04,0.0,0.01,,2,121,14,prostate_logreg,non-IID,PROSTATE,,,,,,,,
Client 16,14,0.0,0.04,0.0,0.01,,1,143,14,prostate_logreg,non-IID,PROSTATE,,,,,,,,
Client 17,14,0.0,0.0,0.0,0.01,,1,127,14,prostate_logreg,non-IID,PROSTATE,,,,,,,,
Client 18,14,0.0,0.02,0.0,0.01,,1,117,14,prostate_logreg,non-IID,PROSTATE,,,,,,,,
Client 19,14,0.0,0.0,0.0,0.01,,1,62,14,prostate_logreg,non-IID,PROSTATE,,,,,,,,
Client 20,14,0.0,0.02,0.0,0.01,,1,112,14,prostate_logreg,non-IID,PROSTATE,,,,,,,,
Client 21,14,0.0,0.02,0.0,0.01,,1,114,14,prostate_logreg,non-IID,PROSTATE,,,,,,,,
Client 22,14,0.0,0.0,0.0,0.01,,1,115,14,prostate_logreg,non-IID,PROSTATE,,,,,,,,
Client 23,14,0.0,0.0,0.0,0.01,,1,138,14,prostate_logreg,non-IID,PROSTATE,,,,,,,,
Client 24,14,0.0,0.04,0.0,0.01,,1,63,14,prostate_logreg,non-IID,PROSTATE,,,,,,,,
Client 25,14,0.0,0.05,0.0,0.01,,1,113,14,prostate_logreg,non-IID,PROSTATE,,,,,,,,
Client 26,14,0.0,0.02,0.0,0.02,,1,53,14,prostate_logreg,non-IID,PROSTATE,,,,,,,,
Client 27,14,0.0,0.04,0.0,0.01,,1,134,14,prostate_logreg,non-IID,PROSTATE,,,,,,,,
Client 28,14,0.0,0.04,0.0,0.01,,1,70,14,prostate_logreg,non-IID,PROSTATE,,,,,,,,
Client 29,14,0.0,0.0,0.0,0.01,,1,114,14,prostate_logreg,non-IID,PROSTATE,,,,,,,,
Client 30,14,0.0,0.0,0.0,0.01,,1,66,14,prostate_logreg,non-IID,PROSTATE,,,,,,,,
Client 31,14,0.0,0.0,0.0,0.01,,1,130,14,prostate_logreg,non-IID,PROSTATE,,,,,,,,
Client 32,14,0.0,0.0,0.0,0.01,,1,130,14,prostate_logreg,non-IID,PROSTATE,,,,,,,,
Client 33,14,0.0,0.0,0.0,0.01,,1,122,14,prostate_logreg,non-IID,PROSTATE,,,,,,,,
Client 34,14,0.0,0.0,0.0,0.02,,1,106,14,prostate_logreg,non-IID,PROSTATE,,,,,,,,
Client 35,14,0.0,0.0,0.0,0.01,,1,64,14,prostate_logreg,non-IID,PROSTATE,,,,,,,,
Client 36,14,0.0,0.02,0.0,0.01,,1,61,14,prostate_logreg,non-IID,PROSTATE,,,,,,,,
Client 37,14,0.0,0.02,0.0,0.01,,1,133,14,prostate_logreg,non-IID,PROSTATE,,,,,,,,
Client 38,14,0.0,0.02,0.0,0.02,,1,103,14,prostate_logreg,non-IID,PROSTATE,,,,,,,,
Client 39,14,0.0,0.12,0.0,0.02,,1,81,14,prostate_logreg,non-IID,PROSTATE,,,,,,,,
Client 40,14,0.0,0.04,0.0,0.01,0.11,1,131,14,prostate_logreg,non-IID,PROSTATE,0.52,0.7774,0.7518,0.2226,0.54,0.7489,0.7257,0.2511
Client 1,15,0.0,0.0,0.0,0.02,,2,104,14,prostate_logreg,non-IID,PROSTATE,,,,,,,,
Client 2,15,0.0,0.12,0.0,0.01,,2,120,14,prostate_logreg,non-IID,PROSTATE,,,,,,,,
Client 3,15,0.0,0.0,0.0,0.02,,2,177,14,prostate_logreg,non-IID,PROSTATE,,,,,,,,
Client 4,15,0.0,0.0,0.0,0.01,,2,70,14,prostate_logreg,non-IID,PROSTATE,,,,,,,,
Client 5,15,0.0,0.0,0.0,0.03,,2,99,14,prostate_logreg,non-IID,PROSTATE,,,,,,,,
Client 6,15,0.0,0.0,0.0,0.01,,2,62,14,prostate_logreg,non-IID,PROSTATE,,,,,,,,
Client 7,15,0.0,0.0,0.0,0.01,,2,66,14,prostate_logreg,non-IID,PROSTATE,,,,,,,,
Client 8,15,0.0,0.02,0.0,0.03,,2,129,14,prostate_logreg,non-IID,PROSTATE,,,,,,,,
Client 9,15,0.0,0.0,0.0,0.01,,2,64,14,prostate_logreg,non-IID,PROSTATE,,,,,,,,
Client 10,15,0.0,0.0,0.0,0.02,,2,102,14,prostate_logreg,non-IID,PROSTATE,,,,,,,,
Client 11,15,0.0,0.02,0.0,0.01,,2,111,14,prostate_logreg,non-IID,PROSTATE,,,,,,,,
Client 12,15,0.0,0.02,0.0,0.03,,2,97,14,prostate_logreg,non-IID,PROSTATE,,,,,,,,
Client 13,15,0.0,0.0,0.0,0.01,,2,108,14,prostate_logreg,non-IID,PROSTATE,,,,,,,,
Client 14,15,0.0,0.0,0.0,0.02,,2,103,14,prostate_logreg,non-IID,PROSTATE,,,,,,,,
Client 15,15,0.0,0.04,0.0,0.01,,2,117,14,prostate_logreg,non-IID,PROSTATE,,,,,,,,
Client 16,15,0.0,0.04,0.0,0.01,,1,134,14,prostate_logreg,non-IID,PROSTATE,,,,,,,,
Client 17,15,0.0,0.0,0.0,0.01,,1,116,14,prostate_logreg,non-IID,PROSTATE,,,,,,,,
Client 18,15,0.0,0.02,0.0,0.01,,1,58,14,prostate_logreg,non-IID,PROSTATE,,,,,,,,
Client 19,15,0.0,0.0,0.0,0.01,,1,64,14,prostate_logreg,non-IID,PROSTATE,,,,,,,,
Client 20,15,0.0,0.02,0.0,0.02,,1,103,14,prostate_logreg,non-IID,PROSTATE,,,,,,,,
Client 21,15,0.0,0.02,0.0,0.01,,1,110,14,prostate_logreg,non-IID,PROSTATE,,,,,,,,
Client 22,15,0.0,0.0,0.0,0.01,,1,112,14,prostate_logreg,non-IID,PROSTATE,,,,,,,,
Client 23,15,0.0,0.0,0.0,0.01,,1,70,14,prostate_logreg,non-IID,PROSTATE,,,,,,,,
Client 24,15,0.0,0.04,0.0,0.01,,1,61,14,prostate_logreg,non-IID,PROSTATE,,,,,,,,
Client 25,15,0.0,0.05,0.0,0.01,,1,58,14,prostate_logreg,non-IID,PROSTATE,,,,,,,,
Client 26,15,0.0,0.02,0.0,0.02,,1,107,14,prostate_logreg,non-IID,PROSTATE,,,,,,,,
Client 27,15,0.0,0.04,0.0,0.01,,1,131,14,prostate_logreg,non-IID,PROSTATE,,,,,,,,
Client 28,15,0.0,0.04,0.0,0.01,,1,67,14,prostate_logreg,non-IID,PROSTATE,,,,,,,,
Client 29,15,0.0,0.0,0.0,0.01,,1,112,14,prostate_logreg,non-IID,PROSTATE,,,,,,,,
Client 30,15,0.0,0.0,0.0,0.01,,1,129,14,prostate_logreg,non-IID,PROSTATE,,,,,,,,
Client 31,15,0.0,0.0,0.0,0.01,,1,136,14,prostate_logreg,non-IID,PROSTATE,,,,,,,,
Client 32,15,0.0,0.0,0.0,0.01,,1,62,14,prostate_logreg,non-IID,PROSTATE,,,,,,,,
Client 33,15,0.0,0.0,0.0,0.02,,1,114,14,prostate_logreg,non-IID,PROSTATE,,,,,,,,
Client 34,15,0.0,0.0,0.0,0.01,,1,117,14,prostate_logreg,non-IID,PROSTATE,,,,,,,,
Client 35,15,0.0,0.0,0.0,0.01,,1,63,14,prostate_logreg,non-IID,PROSTATE,,,,,,,,
Client 36,15,0.0,0.02,0.0,0.02,,1,75,14,prostate_logreg,non-IID,PROSTATE,,,,,,,,
Client 37,15,0.0,0.02,0.0,0.01,,1,135,14,prostate_logreg,non-IID,PROSTATE,,,,,,,,
Client 38,15,0.0,0.02,0.0,0.02,,1,104,14,prostate_logreg,non-IID,PROSTATE,,,,,,,,
Client 39,15,0.0,0.12,0.0,0.02,,1,68,14,prostate_logreg,non-IID,PROSTATE,,,,,,,,
Client 40,15,0.0,0.04,0.0,0.01,0.11,1,138,14,prostate_logreg,non-IID,PROSTATE,0.51,0.7778,0.7535,0.2222,0.53,0.7489,0.7255,0.2511
Client 1,16,0.0,0.0,0.0,0.01,,2,113,14,prostate_logreg,non-IID,PROSTATE,,,,,,,,
Client 2,16,0.0,0.12,0.0,0.01,,2,115,14,prostate_logreg,non-IID,PROSTATE,,,,,,,,
Client 3,16,0.0,0.0,0.0,0.02,,2,94,14,prostate_logreg,non-IID,PROSTATE,,,,,,,,
Client 4,16,0.0,0.0,0.0,0.01,,2,143,14,prostate_logreg,non-IID,PROSTATE,,,,,,,,
Client 5,16,0.0,0.0,0.0,0.01,,2,63,14,prostate_logreg,non-IID,PROSTATE,,,,,,,,
Client 6,16,0.0,0.0,0.0,0.01,,2,115,14,prostate_logreg,non-IID,PROSTATE,,,,,,,,
Client 7,16,0.0,0.0,0.0,0.01,,2,71,14,prostate_logreg,non-IID,PROSTATE,,,,,,,,
Client 8,16,0.0,0.02,0.0,0.01,,2,131,14,prostate_logreg,non-IID,PROSTATE,,,,,,,,
Client 9,16,0.0,0.0,0.0,0.01,,2,120,14,prostate_logreg,non-IID,PROSTATE,,,,,,,,
Client 10,16,0.0,0.0,0.0,0.01,,2,135,14,prostate_logreg,non-IID,PROSTATE,,,,,,,,
Client 11,16,0.0,0.02,0.0,0.01,,2,67,14,prostate_logreg,non-IID,PROSTATE,,,,,,,,
Client 12,16,0.0,0.02,0.0,0.02,,2,139,14,prostate_logreg,non-IID,PROSTATE,,,,,,,,
Client 13,16,0.0,0.0,0.0,0.01,,2,65,14,prostate_logreg,non-IID,PROSTATE,,,,,,,,
Client 14,16,0.0,0.0,0.0,0.01,,2,135,14,prostate_logreg,non-IID,PROSTATE,,,,,,,,
Client 15,16,0.0,0.04,0.0,0.01,,2,65,14,prostate_logreg,non-IID,PROSTATE,,,,,,,,
Client 16,16,0.0,0.04,0.0,0.01,,1,72,14,prostate_logreg,non-IID,PROSTATE,,,,,,,,
Client 17,16,0.0,0.0,0.0,0.01,,1,134,14,prostate_logreg,non-IID,PROSTATE,,,,,,,,
Client 18,16,0.0,0.02,0.0,0.01,,1,65,14,prostate_logreg,non-IID,PROSTATE,,,,,,,,
Client 19,16,0.0,0.0,0.0,0.01,,1,68,14,prostate_logreg,non-IID,PROSTATE,,,,,,,,
Client 20,16,0.0,0.02,0.0,0.01,,1,63,14,prostate_logreg,non-IID,PROSTATE,,,,,,,,
Client 21,16,0.0,0.02,0.0,0.02,,1,100,14,prostate_logreg,non-IID,PROSTATE,,,,,,,,
Client 22,16,0.0,0.0,0.0,0.01,,1,119,14,prostate_logreg,non-IID,PROSTATE,,,,,,,,
Client 23,16,0.0,0.0,0.0,0.01,,1,72,14,prostate_logreg,non-IID,PROSTATE,,,,,,,,
Client 24,16,0.0,0.04,0.0,0.01,,1,66,14,prostate_logreg,non-IID,PROSTATE,,,,,,,,
Client 25,16,0.0,0.05,0.0,0.01,,1,116,14,prostate_logreg,non-IID,PROSTATE,,,,,,,,
Client 26,16,0.0,0.02,0.0,0.01,,1,113,14,prostate_logreg,non-IID,PROSTATE,,,,,,,,
Client 27,16,0.0,0.04,0.0,0.01,,1,135,14,prostate_logreg,non-IID,PROSTATE,,,,,,,,
Client 28,16,0.0,0.04,0.0,0.01,,1,148,14,prostate_logreg,non-IID,PROSTATE,,,,,,,,
Client 29,16,0.0,0.0,0.0,0.01,,1,119,14,prostate_logreg,non-IID,PROSTATE,,,,,,,,
Client 30,16,0.0,0.0,0.0,0.01,,1,134,14,prostate_logreg,non-IID,PROSTATE,,,,,,,,
Client 31,16,0.0,0.0,0.0,0.01,,1,143,14,prostate_logreg,non-IID,PROSTATE,,,,,,,,
Client 32,16,0.0,0.0,0.0,0.01,,1,65,14,prostate_logreg,non-IID,PROSTATE,,,,,,,,
Client 33,16,0.0,0.0,0.0,0.01,,1,127,14,prostate_logreg,non-IID,PROSTATE,,,,,,,,
Client 34,16,0.0,0.0,0.0,0.01,,1,61,14,prostate_logreg,non-IID,PROSTATE,,,,,,,,
Client 35,16,0.0,0.0,0.0,0.01,,1,66,14,prostate_logreg,non-IID,PROSTATE,,,,,,,,
Client 36,16,0.0,0.02,0.0,0.01,,1,66,14,prostate_logreg,non-IID,PROSTATE,,,,,,,,
Client 37,16,0.0,0.02,0.0,0.01,,1,145,14,prostate_logreg,non-IID,PROSTATE,,,,,,,,
Client 38,16,0.0,0.02,0.0,0.01,,1,111,14,prostate_logreg,non-IID,PROSTATE,,,,,,,,
Client 39,16,0.0,0.12,0.0,0.01,,1,64,14,prostate_logreg,non-IID,PROSTATE,,,,,,,,
Client 40,16,0.0,0.04,0.0,0.01,0.12,1,142,14,prostate_logreg,non-IID,PROSTATE,0.51,0.7762,0.7521,0.2238,0.53,0.7485,0.725,0.2515
Client 1,17,0.0,0.0,0.0,0.02,,2,155,14,prostate_logreg,non-IID,PROSTATE,,,,,,,,
Client 2,17,0.0,0.12,0.0,0.02,,2,92,14,prostate_logreg,non-IID,PROSTATE,,,,,,,,
Client 3,17,0.0,0.0,0.0,0.01,,2,119,14,prostate_logreg,non-IID,PROSTATE,,,,,,,,
Client 4,17,0.0,0.0,0.0,0.01,,2,142,14,prostate_logreg,non-IID,PROSTATE,,,,,,,,
Client 5,17,0.0,0.0,0.0,0.01,,2,65,14,prostate_logreg,non-IID,PROSTATE,,,,,,,,
Client 6,17,0.0,0.0,0.0,0.01,,2,116,14,prostate_logreg,non-IID,PROSTATE,,,,,,,,
Client 7,17,0.0,0.0,0.0,0.01,,2,57,14,prostate_logreg,non-IID,PROSTATE,,,,,,,,
Client 8,17,0.0,0.02,0.0,0.01,,2,134,14,prostate_logreg,non-IID,PROSTATE,,,,,,,,
Client 9,17,0.0,0.0,0.0,0.01,,2,115,14,prostate_logreg,non-IID,PROSTATE,,,,,,,,
Client 10,17,0.0,0.0,0.0,0.01,,2,120,14,prostate_logreg,non-IID,PROSTATE,,,,,,,,
Client 11,17,0.0,0.02,0.0,0.01,,2,64,14,prostate_logreg,non-IID,PROSTATE,,,,,,,,
Client 12,17,0.0,0.02,0.0,0.01,,2,118,14,prostate_logreg,non-IID,PROSTATE,,,,,,,,
Client 13,17,0.0,0.0,0.0,0.01,,2,115,14,prostate_logreg,non-IID,PROSTATE,,,,,,,,
Client 14,17,0.0,0.0,0.0,0.02,,2,128,14,prostate_logreg,non-IID,PROSTATE,,,,,,,,
Client 15,17,0.0,0.04,0.0,0.02,,2,105,14,prostate_logreg,non-IID,PROSTATE,,,,,,,,
Client 16,17,0.0,0.04,0.0,0.01,,1,140,14,prostate_logreg,non-IID,PROSTATE,,,,,,,,
Client 17,17,0.0,0.0,0.0,0.01,,1,126,14,prostate_logreg,non-IID,PROSTATE,,,,,,,,
Client 18,17,0.0,0.02,0.0,0.01,,1,63,14,prostate_logreg,non-IID,PROSTATE,,,,,,,,
Client 19,17,0.0,0.0,0.0,0.01,,1,60,14,prostate_logreg,non-IID,PROSTATE,,,,,,,,
Client 20,17,0.0,0.02,0.0,0.01,,1,55,14,prostate_logreg,non-IID,PROSTATE,,,,,,,,
Client 21,17,0.0,0.02,0.0,0.01,,1,109,14,prostate_logreg,non-IID,PROSTATE,,,,,,,,
Client 22,17,0.0,0.0,0.0,0.01,,1,118,14,prostate_logreg,non-IID,PROSTATE,,,,,,,,
Client 23,17,0.0,0.0,0.0,0.02,,1,84,14,prostate_logreg,non-IID,PROSTATE,,,,,,,,
Client 24,17,0.0,0.04,0.0,0.01,,1,62,14,prostate_logreg,non-IID,PROSTATE,,,,,,,,
Client 25,17,0.0,0.05,0.0,0.01,,1,112,14,prostate_logreg,non-IID,PROSTATE,,,,,,,,
Client 26,17,0.0,0.02,0.0,0.01,,1,113,14,prostate_logreg,non-IID,PROSTATE,,,,,,,,
Client 27,17,0.0,0.04,0.0,0.01,,1,133,14,prostate_logreg,non-IID,PROSTATE,,,,,,,,
Client 28,17,0.0,0.04,0.0,0.01,,1,131,14,prostate_logreg,non-IID,PROSTATE,,,,,,,,
Client 29,17,0.0,0.0,0.0,0.01,,1,58,14,prostate_logreg,non-IID,PROSTATE,,,,,,,,
Client 30,17,0.0,0.0,0.0,0.01,,1,65,14,prostate_logreg,non-IID,PROSTATE,,,,,,,,
Client 31,17,0.0,0.0,0.0,0.01,,1,133,14,prostate_logreg,non-IID,PROSTATE,,,,,,,,
Client 32,17,0.0,0.0,0.0,0.01,,1,66,14,prostate_logreg,non-IID,PROSTATE,,,,,,,,
Client 33,17,0.0,0.0,0.0,0.01,,1,133,14,prostate_logreg,non-IID,PROSTATE,,,,,,,,
Client 34,17,0.0,0.0,0.0,0.02,,1,103,14,prostate_logreg,non-IID,PROSTATE,,,,,,,,
Client 35,17,0.0,0.0,0.0,0.01,,1,62,14,prostate_logreg,non-IID,PROSTATE,,,,,,,,
Client 36,17,0.0,0.02,0.0,0.01,,1,59,14,prostate_logreg,non-IID,PROSTATE,,,,,,,,
Client 37,17,0.0,0.02,0.0,0.01,,1,129,14,prostate_logreg,non-IID,PROSTATE,,,,,,,,
Client 38,17,0.0,0.02,0.0,0.02,,1,102,14,prostate_logreg,non-IID,PROSTATE,,,,,,,,
Client 39,17,0.0,0.12,0.0,0.02,,1,118,14,prostate_logreg,non-IID,PROSTATE,,,,,,,,
Client 40,17,0.0,0.04,0.0,0.01,0.12,1,135,14,prostate_logreg,non-IID,PROSTATE,0.51,0.7758,0.7517,0.2242,0.53,0.7483,0.7248,0.2517
Client 1,18,0.0,0.0,0.0,0.01,,2,112,14,prostate_logreg,non-IID,PROSTATE,,,,,,,,
Client 2,18,0.0,0.12,0.0,0.01,,2,118,14,prostate_logreg,non-IID,PROSTATE,,,,,,,,
Client 3,18,0.0,0.0,0.0,0.01,,2,118,14,prostate_logreg,non-IID,PROSTATE,,,,,,,,
Client 4,18,0.0,0.0,0.0,0.01,,2,137,14,prostate_logreg,non-IID,PROSTATE,,,,,,,,
Client 5,18,0.0,0.0,0.0,0.02,,2,92,14,prostate_logreg,non-IID,PROSTATE,,,,,,,,
Client 6,18,0.0,0.0,0.0,0.01,,2,113,14,prostate_logreg,non-IID,PROSTATE,,,,,,,,
Client 7,18,0.0,0.0,0.0,0.01,,2,66,14,prostate_logreg,non-IID,PROSTATE,,,,,,,,
Client 8,18,0.0,0.02,0.0,0.01,,2,128,14,prostate_logreg,non-IID,PROSTATE,,,,,,,,
Client 9,18,0.0,0.0,0.0,0.02,,2,106,14,prostate_logreg,non-IID,PROSTATE,,,,,,,,
Client 10,18,0.0,0.0,0.0,0.02,,2,107,14,prostate_logreg,non-IID,PROSTATE,,,,,,,,
Client 11,18,0.0,0.02,0.0,0.01,,2,60,14,prostate_logreg,non-IID,PROSTATE,,,,,,,,
Client 12,18,0.0,0.02,0.0,0.01,,2,107,14,prostate_logreg,non-IID,PROSTATE,,,,,,,,
Client 13,18,0.0,0.0,0.0,0.02,,2,112,14,prostate_logreg,non-IID,PROSTATE,,,,,,,,
Client 14,18,0.0,0.0,0.0,0.02,,2,132,14,prostate_logreg,non-IID,PROSTATE,,,,,,,,
Client 15,18,0.0,0.04,0.0,0.01,,2,117,14,prostate_logreg,non-IID,PROSTATE,,,,,,,,
Client 16,18,0.0,0.04,0.0,0.01,,1,131,14,prostate_logreg,non-IID,PROSTATE,,,,,,,,
Client 17,18,0.0,0.0,0.0,0.01,,1,122,14,prostate_logreg,non-IID,PROSTATE,,,,,,,,
Client 18,18,0.0,0.02,0.0,0.01,,1,60,14,prostate_logreg,non-IID,PROSTATE,,,,,,,,
Client 19,18,0.0,0.0,0.0,0.02,,1,106,14,prostate_logreg,non-IID,PROSTATE,,,,,,,,
Client 20,18,0.0,0.02,0.0,0.02,,1,104,14,prostate_logreg,non-IID,PROSTATE,,,,,,,,
Client 21,18,0.0,0.02,0.0,0.02,,1,97,14,prostate_logreg,non-IID,PROSTATE,,,,,,,,
Client 22,18,0.0,0.0,0.0,0.01,,1,117,14,prostate_logreg,non-IID,PROSTATE,,,,,,,,
Client 23,18,0.0,0.0,0.0,0.01,,1,58,14,prostate_logreg,non-IID,PROSTATE,,,,,,,,
Client 24,18,0.0,0.04,0.0,0.02,,1,135,14,prostate_logreg,non-IID,PROSTATE,,,,,,,,
Client 25,18,0.0,0.05,0.0,0.01,,1,114,14,prostate_logreg,non-IID,PROSTATE,,,,,,,,
Client 26,18,0.0,0.02,0.0,0.01,,1,116,14,prostate_logreg,non-IID,PROSTATE,,,,,,,,
Client 27,18,0.0,0.04,0.0,0.01,,1,130,14,prostate_logreg,non-IID,PROSTATE,,,,,,,,
Client 28,18,0.0,0.04,0.0,0.01,,1,134,14,prostate_logreg,non-IID,PROSTATE,,,,,,,,
Client 29,18,0.0,0.0,0.0,0.01,,1,109,14,prostate_logreg,non-IID,PROSTATE,,,,,,,,
Client 30,18,0.0,0.0,0.0,0.01,,1,122,14,prostate_logreg,non-IID,PROSTATE,,,,,,,,
Client 31,18,0.0,0.0,0.0,0.01,,1,133,14,prostate_logreg,non-IID,PROSTATE,,,,,,,,
Client 32,18,0.0,0.0,0.0,0.01,,1,63,14,prostate_logreg,non-IID,PROSTATE,,,,,,,,
Client 33,18,0.0,0.0,0.0,0.01,,1,120,14,prostate_logreg,non-IID,PROSTATE,,,,,,,,
Client 34,18,0.0,0.0,0.0,0.02,,1,87,14,prostate_logreg,non-IID,PROSTATE,,,,,,,,
Client 35,18,0.0,0.0,0.0,0.01,,1,62,14,prostate_logreg,non-IID,PROSTATE,,,,,,,,
Client 36,18,0.0,0.02,0.0,0.01,,1,112,14,prostate_logreg,non-IID,PROSTATE,,,,,,,,
Client 37,18,0.0,0.02,0.0,0.01,,1,133,14,prostate_logreg,non-IID,PROSTATE,,,,,,,,
Client 38,18,0.0,0.02,0.0,0.02,,1,101,14,prostate_logreg,non-IID,PROSTATE,,,,,,,,
Client 39,18,0.0,0.12,0.0,0.02,,1,98,14,prostate_logreg,non-IID,PROSTATE,,,,,,,,
Client 40,18,0.0,0.04,0.0,0.01,0.11,1,128,14,prostate_logreg,non-IID,PROSTATE,0.5,0.7762,0.7522,0.2238,0.53,0.7483,0.7248,0.2517
